 0.37911877991432485
 2.780743992417099
 6.326276967623162
 0.09890620358178223
 1.7319973021939663
 11.145700201265193
 1.2801827335479754
 0.12247492612173823
 1.9775098608986985
 10.503039989162863
 1.6181824731843948
 1.2734810425603165
 196.3852436086458
 -0.4386127233890097
 0.7568464271832589
 14.89301465612914
 -0.039393456987223324
 7.344903715555974
 188.8901806903679
 63.2832023686663
 -0.5196114006358152
 0.998964862305681
 7.266994738954841
 -0.394559204137911
 25.01172849130639
 -0.07177413381072997
 7.792444910533751
 75.04502589985546
 21.566705317462223
 0.9406236535872904
 3.116746331799538
 1.454449945182888
 76.12927052361964
 14.016955752507194
 3.628112917610977
 1.223366595380655
 2.5557318380870915
 68.14948475270148
 22.640539316407718
 1.1687255890973727
 3.624303496537589
 1.43563004234947
 65.5643293091578
 22.927328055170292
 3.125019891911693
 2.150521878410637
 1.4170921875179028
 70.20727697623785
 2.439633848852977
 3.9778408717799847
 1.0169858721214617
 1.0403868439767425
 90.9352666558715
 5.701835941967614
 7.903645458862844
 0.4045337389650357
 2.44888324467781
 49.30486321780232
 10.279119696328753
 1.5589034899848722
 1.0375277863817853
 2.599780030026492
 51.25229934076454
 18.080291355119158
 4.508409519746311
 2.6179154792196964
 2.6285361423036946
