  2  6  6  0.0050  0.300  1.000   
  2  6 14  0.1000  -1.0   8.00
  2  6 15  0.0050  5.500  9.000	  
  4  8  1  0.0050   0.025   0.20  
  4  8  2  0.0050   1.40    1.90
  4  8  3  0.0050   10.00   14.00
  4  8  4  0.0050   1.10    1.50
  4  9  1  0.0050   0.10    0.20  
  4  9  2  0.0050   1.90    2.20  
  4  9  3  0.0050   10.0    14.0
  4  9  4  0.0050   1.60    2.20
  4  9  5  0.0050   1.20    1.50
  3 17  1  1.0000  150.0  250.0   
  3 17  4  0.0050  -1.00  -0.001  
  3 17  8  0.0050  0.100  1.000
  3 17  9  0.0050  0.010  21.000
  3 17 13  0.0020  -0.03  -0.15
  3 17 14  0.0020   4.50  7.50
  3 18  1  1.0000   150.0  300.0  
  3 18  2  1.0000   5.00  150.00
  3 18  4  0.0050  -1.000  -0.00  
  3 18  8  0.0050   0.100  1.00
  3 18  9  0.0050   0.010  20.00
  3 18 10  0.0050  -0.55   -0.15  
  3 18 11  0.0050   10.00   30.00
  3 18 13  0.0050  -0.015  -0.08  
  3 18 14  0.0050    5.00    8.00
  5 51  1  0.5000   20.0   100.0  
  5 51  2  0.5000   1.0     40.0
  5 51  3  0.0500   0.5     8.0
  5 51  5  0.2500   0.01    4.0
  5 51  7  0.1000   1.04    3.0
  5 52  1  0.5000   20.0   100.0  
  5 52  2  0.5000   1.0     40.0
  5 52  3  0.0500   0.5     8.0
  5 52  5  0.2500   0.01    4.0
  5 52  7  0.1000   1.04    3.0
  5 53  1  0.5000   20.0   100.0  
  5 53  2  0.5000   1.0    40.0
  5 53  3  0.0500   0.5    8.0
  5 53  5  0.2500   0.01   4.0
  5 53  7  0.1000   1.04   3.0
  5 54  1  0.5000   20.0   100.0  
  5 54  2  0.5000   1.0    40.0
  5 54  3  0.0500   0.5    8.0
  5 54  5  0.2500   0.01   4.0
  5 54  7  0.1000   1.04   3.0
  5 55  1  0.5000   20.0   100.0  
  5 55  2  0.5000   1.0    40.0
  5 55  3  0.0500   0.5    8.0
  5 55  5  0.2500   0.01   4.0
  5 55  7  0.1000   1.04   3.0
  5 56  1  0.5000   20.0   100.0  
  5 56  2  0.5000   1.0    40.0
  5 56  3  0.0500   0.5    8.0
  5 56  5  0.2500   0.01   4.0
  5 56  7  0.1000   1.04   3.0
  5 57  1  0.5000  20.0   100.0   
  5 57  2  0.5000   1.0    40.0
  5 57  3  0.0500   0.5    8.0
  5 57  5  0.2500   0.01   4.0
  5 57  7  0.1000   1.04   3.0
  5 58  1  0.5000   20.0   100.0  
  5 58  2  0.5000   1.0    40.0
  5 58  3  0.0500   0.5    8.0
  5 58  5  0.2500   0.01   4.0
  5 58  7  0.1000   1.04   3.0
