MIN ReaxFF ff:
 39       ! Number of general parameters
   50.0000 !Overcoordinationparameter
    9.5409 !Overcoordinationparameter
   26.5766 !Valencyangleconjugationparameter
    1.7224 !Triplebondstabilisationparameter
    6.8702 !Triplebondstabilisationparameter
   60.4850 !C2-correction
    1.0605 !Undercoordinationparameter
    4.6000 !Triplebondstabilisationparameter
   12.1395 !Undercoordinationparameter
   13.3121 !Undercoordinationparameter
  -70.5044 !Triplebondstabilizationenergy
    0.0000 !LowerTaper-radius
   10.0000 !UpperTaper-radius
    2.8793 !Notused
   33.8732 !Valencyundercoordination
    6.0886 !Valencyangle/lonepairparameter
    1.0581 !Valencyangle
    2.0498 !Valencyangleparameter
    6.1431 !Notused
    6.9354 !Doublebond/angleparameter
    0.3963 !Doublebond/angleparameter:overcoord
    3.9850 !Doublebond/angleparameter:overcoord
   -2.4837 !Notused
    5.7642 !Torsion/BOparameter
   10.0000 !Torsionovercoordination
    1.9487 !Torsionovercoordination
   -1.2327 !Conjugation0(notused)
    2.1645 !Conjugation
    1.5539 !vdWaalsshielding
    0.1000 !Cutoffforbondorder(*100)
    2.1072 !Valencyangleconjugationparameter
    0.6897 !Overcoordinationparameter
   49.8702 !Overcoordinationparameter
    1.8660 !Valency/lonepairparameter
    0.5000 !Notused
   20.0000 !Notused
    5.0000 !Molecularenergy(notused)
    0.0000 !Molecularenergy(notused)
    2.6946 !Valencyangleconjugationparameter
  8    ! Number of atoms parameters
            Junk
            Junk
            Junk
 C    1.3417   4.0000  12.0000   1.8814   0.0715   0.3500   1.1341   4.0000
      9.0000   1.5000   4.0000  27.5134   0.8000   3.7356   4.5000   0.0000
      1.0860   0.0000  -0.8579   5.0514  19.0071   4.9538   0.8563   0.0000
    -17.6107   2.4601   0.0027   4.0000   2.8623   0.0000   0.0000   0.0000
 H    0.6555   1.0000   1.0080   1.0996   0.0228   0.6683  -0.1000   1.0000
      8.1910   4.1572   1.0000   0.0000   0.2457   3.5768   6.2079   1.0000
     -0.1000   0.0000  -0.1611   1.1004   2.1457   0.0003   1.0698   0.0000
    -19.4571   2.1488   0.0020   1.0000   2.8793   0.0000   0.0000   0.0000
 O    1.1534   2.0000  15.9990   1.4094   0.0875   0.5500   0.9660   6.0000
      8.8250   4.0190   4.0000  27.3264   0.6500   8.5000   6.9585   2.0000
      0.9049  -1.0100  -1.3533   2.1943   0.6653   0.0021   0.9745   0.0000
     -7.3000   2.5000   0.0022   4.0000   2.9225   0.0000   0.0000   0.0000
 N    1.2333   3.0000  14.0000   1.7695   0.0906   0.5584   1.1602   5.0000
      9.4267   7.6886   4.0000   8.6294   0.8000   6.0111   6.3404   2.0000
      1.0365   0.1000  -2.3700   0.5804   2.4331   2.2462   0.9745   0.0000
    -15.0000   1.5000  -0.0673   4.0000   2.8793   0.0000   0.0000   0.0000
 S    1.5747   2.0000  32.0600   1.6516   0.2095   0.7530  -0.1000   6.0000
      7.4909   4.9055   4.0000   0.6204   0.0000  -0.2279   5.0465   0.0000
     -1.0000   0.0000  -2.3700   5.7487   0.8804   0.2702   0.0000   0.0000
    -15.7363   0.8540   0.0000   4.0000   2.8793   0.0000   0.0000   0.0000
 Si   1.9007   4.0000  28.0600   1.8329   0.1247   0.3000   0.9641   4.0000
     11.3429   1.2523   4.0000  11.4056 136.4845  -1.0000   5.5000   0.0000
     -1.0000   0.0000 104.0000   3.6038   5.2294   0.1000   0.8563   0.0000
     -5.4765   2.0754   1.0338   4.0000   2.5791   0.0000   0.0000   0.0000
 Na   1.8000   1.0000  22.9898   2.3334   0.1481   0.3669  -1.0000   1.0000
     10.0000   2.5000   1.0000   0.0000   0.0000  -3.8501   5.0000   0.0000
     -1.0000   0.0000  23.0445 100.0000   1.0000   0.0000   0.8563   0.0000
     -2.5766   2.5000   1.0338   6.0000   2.5791   0.0000   0.0000   0.0000
 X   -0.1000   2.0000   1.0080   2.0000   0.0000   0.0100  -0.1000   6.0000
     10.0000   2.5000   4.0000   0.0000   0.0000   4.0000   1.5000   0.0000
     -0.1000   0.0000  -2.3700   8.7410  13.3640   0.6690   0.9745   0.0000
    -11.0000   2.7466   1.0338   2.0000   2.8793   0.0000   0.0000   0.0000
 24    ! Number of bonds parameters
                        Junk
  1  1  78.4266  96.3926  27.9063  -0.8157  -1.0820   1.0000  17.2117   0.1436
         0.0801  -0.2256   7.9966   0.0000  -0.1042   5.9567   1.0000   0.0000
  1  2 159.8520   0.0000   0.0000  -0.6539   0.0000   1.0000   6.0000   0.4898
         5.2267   1.0000   0.0000   0.0000  -0.0775   5.5015   0.0000   0.0000
  2  2   0.0000   0.0000   0.0000  -0.8238   0.0000   1.0000   6.0000   0.3597
         2.9907   1.0000   0.0000   0.0000  -0.1674   4.0758   0.0000   0.0000
  1  3  95.6228  58.4169  23.3059  -1.3755  -0.3906   1.0000  10.2503   0.3796
         0.3211  -0.5875   6.7927   1.0000  -0.2877   4.5000   0.0000   0.0000
  3  3  60.1463  30.2266  40.0000  -1.1375  -0.2435   1.0000  10.4340   0.0125
         0.1658  -0.5000   5.7341   1.0000  -0.2459   4.5000   1.0000   0.0000
  1  4 130.0907 101.8119  69.9149  -1.9223  -0.6191   1.0000   7.0000   0.1409
         0.0223  -0.4591   7.0000   1.0000  -0.2565   4.0589   1.0000   0.0000
  3  4  85.4950 109.4565  40.0000   0.0754  -0.4462   1.0000  16.6611   0.1900
         0.3474  -0.4323   6.4197   1.0000  -0.2439   4.7532   1.0000   0.0000
  4  4 104.5870  50.0000 139.6322  -1.0000  -0.3096   1.0000  12.0000   0.5357
         0.0966  -0.4426   8.2367   1.0000  -0.1884   4.5976   1.0000   0.0000
  2  3 102.0000   0.0000   0.0000  -0.9126   0.0000   1.0000   6.0000   0.3607
         1.1150   1.0000   0.0000   0.0000  -0.0941   3.6021   0.0000   0.0000
  2  4 121.8725   0.0000   0.0000  -0.7398   0.0000   1.0000   6.0000   0.2330
         0.6127   1.0000   0.0000   1.0000  -0.1744   5.2018   0.0000   0.0000
  1  5 123.5848   0.0000   0.0000  -0.6456  -0.5211   1.0000   0.0000   0.0691
         0.1955  -0.3587   0.0000   1.0000  -0.1946   4.5508   0.0000   0.0000
  2  5 128.6090   0.0000   0.0000  -0.8517   0.0000   1.0000   6.0000   0.2530
         3.4079   0.0000   0.0000   1.0000  -0.1395   4.5680   0.0000   0.0000
  3  5   0.0000   0.0000   0.0000   0.1826  -0.4038   0.0340   6.0000   0.0500
         0.4259  -0.4577   7.9877   0.9563  -0.1524   4.9055   0.9656   0.0000
  4  5   0.0000   0.0000   0.0000   0.4438  -0.2500   1.0000  25.0000   0.3000
         0.3296  -0.3153   9.0000   1.0000  -0.1805   5.6864   1.0000   0.0000
  5  5   0.0000   0.0000   0.0000  -0.9993  -0.5000   1.0000   0.0000  -0.1336
         0.2500  -0.2500   0.0000   1.0000  -0.2515   4.2968   1.0000   0.0000
  1  6   0.0000   0.0000   0.0000  -0.6528  -0.5558   0.0000  17.2117   0.1009
         0.2424  -0.3500   7.7180   1.0000  -0.3020   5.4627   0.0000   0.0000
  2  6 150.0000   0.0000   0.0000  -1.0000   0.0000   1.0000   6.0000   0.1000
         0.0100  -0.0103   0.0000   1.0000  -0.1500   4.5000   0.0000   0.0000
  3  6 150.0000   5.0000   0.0000  -1.0000  -0.3000   1.0000  36.0000   0.1000
         0.0100  -0.5500  10.0000   1.0000  -0.1500   5.0000   1.0000   0.0000
  4  6 119.7136  39.2832  43.3991  -0.2060  -0.3000   1.0000  36.0000   0.7957
         0.8189  -0.3887   4.4334   1.0000  -0.5241   4.4529   1.0000   0.0000
  6  6  70.3209  47.8775  30.0000   0.2206  -0.3000   1.0000  16.0000   0.0145
         0.0035  -0.8055   4.6512   1.0000  -0.1452   7.8945   0.0000   0.0000
  2  7   0.0000   0.0000   0.0000  -1.0000  -0.3000   0.0000  36.0000   0.2155
         1.1502  -0.3500  25.0000   1.0000  -0.2000   4.8137   0.0000   0.0000
  3  7  45.8933   0.0000   0.0000  -0.4452  -0.3000   1.0000  36.0000   0.3105
         5.6834  -0.3500  25.0000   1.0000  -0.0659   7.9140   1.0000   0.0000
  6  7   0.1000   0.0000   0.0000   0.2500  -0.5000   1.0000  35.0000   0.6000
         0.5000  -0.5000  20.0000   1.0000  -0.2000  10.0000   1.0000   0.0000
  7  7  27.8052   0.0000   0.0000  -0.3738   0.3000   0.0000  25.0000   0.2158
         0.6222  -0.4000  12.0000   1.0000  -0.0515   4.5180   0.0000   0.0000
 14    ! Number of offdiagonal parameters
  1  2   0.0415   1.3861   9.8442   1.0029  -1.0000  -1.0000
  2  3   0.0283   1.2885  10.1225   0.8813  -1.0000  -1.0000
  2  4   0.0182   1.3000   9.0050   0.9412  -1.0000  -1.0000
  1  3   0.0208   1.8006   9.0740   1.2775   1.0157   1.0273
  1  4   0.1115   1.7356   9.6264   1.2754   1.1446   0.9778
  3  4   0.0535   1.6709   9.0048   1.2076   1.0485   1.0039
  1  6   0.0041   1.7060  12.0000  -1.0000  -1.0000  -1.0000
  2  6   0.0250   1.4000  10.0000   1.1000  -1.0055  -1.0000
  3  6   0.1000   1.9000  10.0000   1.6000   1.2000  -1.0000
  4  6   0.1297   1.9123  10.9856   1.6175   1.4045  -1.0000
  1  5   0.1408   1.7943   9.6518   1.5209  -1.0000  -1.0000
  2  5   0.0764   1.3772   9.6088   1.0318  -1.0000  -1.0000
  3  7   0.0825   1.5904  11.3396   1.5905  -1.0000  -1.0000
  6  7   0.1757   2.0409  13.7267  -1.0000  -1.0000  -1.0000
 82    ! Number of angles parameters
  1  1  1  59.0573  13.6338   0.7209   0.0000   0.0031   0.3556   1.0400
  1  1  2  65.2527   9.2578   3.1168   0.0000   0.0000   0.0000   1.0010
  2  1  2  68.4575   8.3496   1.2937   0.0000   0.0050   0.0000   1.0400
  1  2  2   0.0000   0.0000   6.0000   0.0000   0.0000   0.0000   1.0400
  1  2  1   0.0000   3.2164   5.0000   0.0000   0.0000   0.0000   1.0400
  2  2  2   0.0000  27.9213   5.8635   0.0000   0.0000   0.0000   1.0400
  1  1  3  15.7798   6.3897   0.4917   0.0000   0.2000   0.0000   1.0000
  3  1  3  59.8130  14.9186   1.3212 -25.3063   0.1000 -50.0000   1.0400
  1  1  4  50.2255   9.9742   0.7082   0.0000   0.2000   0.0000   0.9500
  3  1  4  67.5853  12.4661   0.1000   0.0000   0.2000   0.0000   1.0000
  4  1  4  53.0437   2.5000   0.1000   0.0000   0.2000   0.0000   0.9905
  2  1  3  50.0000   7.6726   0.9036   0.0000   0.0000   0.0000   1.0000
  2  1  4  43.8591   5.2941   0.5853   0.0000   0.0000   0.0000   0.6289
  1  2  4 -17.8107  -2.8713   2.1363   0.0000  -1.8822   0.0000   0.8300
  1  3  1  53.9953  32.7883   0.4237   0.0000   0.4537   0.0000   1.0000
  1  3  3  63.9120  17.1680   0.4091   0.0000   0.0693   0.0000   1.0105
  1  3  4  69.3254  14.4055   0.7017   0.0000   0.4537   0.0000   1.0400
  3  3  3  77.3022  15.8855   0.9953 -38.4200   0.4537   0.0000   1.0000
  3  3  4  77.0669  14.7823   0.9953   0.0000   0.4537   0.0000   1.0400
  4  3  4  67.1317  15.0722   0.9953   0.0000   0.4537   0.0000   1.0000
  1  3  2  60.0000   6.4385   0.3789   0.0000   0.0000   0.0000   1.0010
  2  3  3  70.9309   5.0854   1.5057   0.0000   0.0000   0.0000   1.0400
  2  3  4  68.3253  18.7919   0.8637   0.0000   0.0000   0.0000   1.0000
  2  3  2  77.0645   4.8342   1.0887 -16.5747   0.0000 -10.7273   1.0400
  1  4  1  57.1959   7.0343   0.0207   0.0000   1.3606   0.0000   1.0000
  1  4  3  73.8735  20.6976   0.5787   0.0000   1.6777   0.0000   1.0400
  1  4  4  50.0000   5.2854   0.3922   0.0000   1.1860   0.0000   0.8400
  3  4  3  74.1978  20.2288   1.1167 -30.2047   1.6777   0.0000   1.0000
  3  4  4  74.0840  25.6861   1.0967  -2.0087   1.6777   0.0000   1.0000
  4  4  4  64.9107  14.8267   1.5398   0.0000   0.7529   0.0000   1.0100
  1  4  2  66.6089   7.2031   0.6019   0.0000   0.0000   0.0000   0.6889
  2  4  3  74.5555  23.7768   0.9625   0.0000   0.0000   0.0000   1.0369
  2  4  4  68.0000  21.4193   0.5316   0.0000   0.0000   0.0000   1.0000
  2  4  2  56.3036   1.1862   0.1800   0.0000   0.0000   0.0000   1.0000
  1  2  3   0.0000   0.0019   0.5983   0.0000   0.0000   0.0000   1.0000
  1  2  4 -17.8107  -2.8713   2.1363   0.0000  -1.8822   0.0000   0.8300
  1  2  5   0.0000   0.0019   2.0000   0.0000   0.0000   0.0000   1.0400
  3  2  3   0.0000   0.0019   0.5640   0.0000   0.0000 -10.1156   1.0400
  3  2  4   0.0000   0.0019   0.1000   0.0000   0.0000   0.0000   1.0400
  4  2  4   0.0000   0.0019   0.1000   0.0000   0.0000   0.0000   1.0400
  2  2  3   0.0000   0.0019   0.0839   0.0000   0.0000   0.0000   1.0400
  2  2  4   0.0000   0.0019   1.0000   0.0000   0.0000   0.0000   1.0400
  1  1  5  66.9986  24.7559   1.7018   0.0000   0.0050   0.0000   1.0000
  1  5  1   5.0000   5.0000   0.6380   0.0000   0.0058   0.0000   1.0400
  2  1  5  30.9196  11.3010   0.5449   0.0000   0.0000   0.0000   1.0400
  1  5  2  85.3326  14.1666   0.5275   0.0000   0.0000   0.0000   1.0000
  1  5  5  79.4158   5.0000   1.0576   0.0000   0.0050   0.0000   1.0098
  2  5  2  83.8555   5.1317   0.4377   0.0000   0.0000   0.0000   1.0010
  2  5  5  66.1035   8.0885   0.4025   0.0000   0.0000   0.0000   1.0400
  6  6  6  69.3456  13.0081   0.8265   0.0000  -0.2101   0.0000   1.2887
  2  6  6  20.0000   1.0000   0.5000   0.0000   0.0100   0.0000   1.0400
  2  6  2  20.0000   1.0000   0.5000   0.0000   0.0100   0.0000   1.0400 
  3  6  6  20.0000   1.0000   0.5000   0.0000   0.0100   0.0000   1.0400
  2  6  3  20.0000   1.0000   0.5000   0.0000   0.0100   0.0000   1.0400
  3  6  3  20.0000   1.0000   0.5000   0.0000   0.0100   0.0000   1.0400
  6  3  6  20.0000   1.0000   0.5000   0.0000   0.0100   0.0000   1.0400
  2  3  6  20.0000   1.0000   0.5000   0.0000   0.0100   0.0000   1.0400
  3  3  6  20.0000   1.0000   0.5000   0.0000   0.0100   0.0000   1.0400
  2  2  6   0.0000   0.0100   1.0000   0.0000   1.0000   0.0000   1.0000
  6  2  6   0.0000   4.2357   0.8596   0.0000   0.7129   0.0000   1.0000
  3  2  6   0.0000   5.0000   1.0000   0.0000   1.0000   0.0000   1.0099
  2  2  5   0.0000   0.0019   2.0000   0.0000   0.0000   0.0000   1.0400
  1  1  6  64.5561  20.9500   0.6203   0.0000   1.0031   0.0000   1.0400
  1  6  1  69.1709  18.9268   0.5967   0.0000   0.4075   0.0000   1.0400
  6  1  6  58.7586  16.6923   1.8908   0.0000   0.1327   0.0000   1.0094
  1  6  6  68.0063  19.7021   1.4564   0.0000   0.5939   0.0000   1.0345
  2  1  6  67.2572  10.9008   1.4627   0.0000   1.0000   0.0000   1.0202
  1  6  2  71.0461  14.6864   2.4106   0.0000   0.7961   0.0000   1.0400
  4  6  6  60.6199  13.1239   1.0576   0.0000   2.1459   0.0000   1.0400
  4  6  4  74.1294   7.8594   2.1244   0.0000   0.7689   0.0000   1.0400
  3  6  4  57.0650   4.5724   0.3423   0.0000   0.7689   0.0000   1.0400
  6  4  6  24.1137   1.7457   0.2198   0.0000   4.1125   0.0000   1.0400
  2  6  4  68.7410  15.5851   1.8545   0.0000   0.8613   0.0000   1.0400
  2  4  6  74.6462   4.0560   1.2284   0.0000   1.6982   0.0000   1.0400
  4  4  6  60.0000  10.0000   0.6196   0.0000   1.0000   0.0000   1.0400
  3  4  6  69.8728  32.7155   1.5875   0.0000   2.2466   0.0000   1.0400
  4  3  6  69.8728  27.1273   1.5875   0.0000   2.2466   0.0000   1.0400
  4  2  6   0.0000  31.0427   4.5625   0.0000   1.6371   0.0000   1.0400
  1  3  6  75.8733   5.9243   0.8406   0.0000   0.8943   0.0000   1.0400
  1  6  3  60.1831  35.8987   0.8505   0.0000   1.0000   0.0000   1.0135
  3  1  6  42.5553   5.0250   0.9914   0.0000   0.9836   0.0000   1.1584
  1  2  6   0.0000   2.5000   1.0000   0.0000   0.9548   0.0000   1.2500
 41    ! Number of torsions parameters
  1  1  1  1  -0.5000  11.5822  -0.1335  -9.0000  -2.8394   0.0000   0.0000
  1  1  1  2  -0.4614  15.9983   0.1709  -8.8401  -3.0000   0.0000   0.0000
  2  1  1  2  -0.2833  28.0133   0.2965  -8.0000  -3.0000   0.0000   0.0000
  1  1  1  3  -2.5000   5.0000  -1.0000  -9.0000  -2.1688   0.0000   0.0000
  2  1  1  3  -0.9763   5.0000   0.1075  -8.3301  -3.0000   0.0000   0.0000
  3  1  1  3  -2.5000   5.5756  -1.0000  -8.5000  -1.1552   0.0000   0.0000
  1  1  3  1  -2.5000  14.6490  -1.0000  -5.9466  -3.0000   0.0000   0.0000
  1  1  3  2  -2.5000   5.0000  -1.0000  -8.1821  -1.0000   0.0000   0.0000
  2  1  3  1  -2.5000  26.8401   0.6165  -6.1023  -2.9807   0.0000   0.0000
  2  1  3  2  -2.5000  31.3867   0.4647  -5.4593  -3.5000   0.0000   0.0000
  1  1  3  3  -2.0000   5.0000  -1.0000  -9.0000  -2.9000   0.0000   0.0000
  2  1  3  3  -1.4383  45.9655   0.8685  -4.4000  -3.5000   0.0000   0.0000
  3  1  3  1  -2.5000  66.2620  -1.0000  -4.7181  -3.0437   0.0000   0.0000
  3  1  3  2  -2.5000  19.7090  -1.0000  -5.6706  -3.0476   0.0000   0.0000
  3  1  3  3  -2.5000   5.0000   0.0250  -9.0000  -3.0000   0.0000   0.0000
  1  3  3  1  -2.0324 -17.3637  -1.5000  -6.9024  -2.9000   0.0000   0.0000
  1  3  3  2  -2.5000  -9.2805  -1.0000  -5.9187  -3.5000   0.0000   0.0000
  2  3  3  2  -2.1995 -25.0000  -1.0000  -4.5815  -1.0000   0.0000   0.0000
  1  3  3  3   0.0531 -25.0000   0.9647  -3.4298  -2.1584   0.0000   0.0000
  2  3  3  3  -2.5000 -12.4144  -1.0000  -7.8902  -1.2407   0.0000   0.0000
  3  3  3  3  -2.5000 -25.0000   0.1000  -3.8409  -1.0000   0.0000   0.0000
  0  1  2  0  -1.0000   0.0000  -0.5000  -3.4692  -1.2327   0.0000   0.0000
  0  2  2  0   0.0000   0.0000   0.0000  -2.5000  -1.2327   0.0000   0.0000
  0  2  3  0   0.0000   0.1000   0.0200  -2.5415  -1.2327   0.0000   0.0000
  0  1  1  0   0.0000   0.6675   0.0000  -9.0000  -2.0000   0.0000   0.0000
  0  3  3  0  -0.9667  -1.7346  -0.1083 -28.4693  -1.2327   0.0000   0.0000
  0  1  4  0  -2.9100  25.3808   0.0100  -9.9875  -3.0000   0.0000   0.0000
  0  2  4  0  -1.5000   0.1000   0.0100  -5.0965  -1.2327   0.0000   0.0000
  0  3  4  0   0.4947  36.1724  -0.8805  -9.0000  -3.0000   0.0000   0.0000
  0  4  4  0  -2.7105  24.4048  -0.7837  -9.0000  -2.0000   0.0000   0.0000
  4  1  4  4  -6.6000   8.7582  -1.5000  -9.0000  -2.0000   0.0000   0.0000
  0  1  5  0  -0.2500  -4.8864   0.0100 -10.0000  -2.4381   0.0000   0.0000
  0  5  5  0  -0.0555 -56.0786   0.0100  -8.0000  -1.2327   0.0000   0.0000
  0  2  5  0   0.0000   0.0000   0.0000   0.0000  -1.2327   0.0000   0.0000
  2  6  6  2   0.0000   0.0000   0.0640  -2.4426   0.0000   0.0000   0.0000
  2  6  6  6   0.0000   0.0000   0.1587  -2.4426   0.0000   0.0000   0.0000
  0  2  6  0   0.0000   0.0000   0.1200  -2.4847   0.0000   0.0000   0.0000
  0  4  6  0   0.0000   0.0000   0.0000  -2.4426   0.0000   0.0000   0.0000
  1  1  3  3  -2.0000   5.0000  -1.0000  -9.0000  -2.9000   0.0000   0.0000
  1  3  3  1  -2.0324 -17.3637  -1.5000  -6.9024  -2.9000   0.0000   0.0000
  3  1  3  3  -2.5000   5.0000   0.0250  -9.0000  -3.0000   0.0000   0.0000
  1    ! Number of hydrogen parameters
  3  2  3   1.4000  -7.1638   1.4500   1.7032
