MAX ReaxFF ff:
 39       ! Number of general parameters
   50.0000 !Overcoordinationparameter
    9.5409 !Overcoordinationparameter
   26.5766 !Valencyangleconjugationparameter
    1.7224 !Triplebondstabilisationparameter
    6.8702 !Triplebondstabilisationparameter
   60.4850 !C2-correction
    1.0605 !Undercoordinationparameter
    4.6000 !Triplebondstabilisationparameter
   12.1395 !Undercoordinationparameter
   13.3121 !Undercoordinationparameter
  -70.5044 !Triplebondstabilizationenergy
    0.0000 !LowerTaper-radius
   10.0000 !UpperTaper-radius
    2.8793 !Notused
   33.8732 !Valencyundercoordination
    6.0886 !Valencyangle/lonepairparameter
    1.0581 !Valencyangle
    2.0498 !Valencyangleparameter
    6.1431 !Notused
    6.9354 !Doublebond/angleparameter
    0.3963 !Doublebond/angleparameter:overcoord
    3.9850 !Doublebond/angleparameter:overcoord
   -2.4837 !Notused
    5.7642 !Torsion/BOparameter
   10.0000 !Torsionovercoordination
    1.9487 !Torsionovercoordination
   -1.2327 !Conjugation0(notused)
    2.1645 !Conjugation
    1.5539 !vdWaalsshielding
    0.1000 !Cutoffforbondorder(*100)
    2.1072 !Valencyangleconjugationparameter
    0.6897 !Overcoordinationparameter
   49.8702 !Overcoordinationparameter
    1.8660 !Valency/lonepairparameter
    0.5000 !Notused
   20.0000 !Notused
    5.0000 !Molecularenergy(notused)
    0.0000 !Molecularenergy(notused)
    2.6946 !Valencyangleconjugationparameter
  8    ! Number of atoms parameters
            Junk
            Junk
            Junk
 C    1.3931   4.0000  12.0000   2.0464   0.1923   1.0000   1.2596   4.0000
     10.5900   2.7769   4.0000  42.7976  79.5548   8.0066   7.0000   3.1838
      1.2661   0.0000 206.7910  16.3532  34.9357  21.6867   3.1838  22.0000
     -2.8983   5.0000   1.0564   6.2998   2.9663   1.4000   0.2000  13.0000
 H    0.9102   1.0000   1.0080   1.6558   0.3000   1.0206  -0.1000   1.0000
     10.0764  33.2894   1.0000   0.0000 121.1250   6.5362  10.5896   3.4114
     -0.1000   0.0000  62.4879   6.1752   6.8959   3.1680   3.4114   6.0014
     -6.5532   4.2733   1.0338   6.2998   2.8793   1.0000   0.2000  12.0000
 O    1.5423   2.0000  15.9990   2.3890   0.2841   1.0950   1.2611   6.0000
     10.5750 200.0000   4.0000  39.2737 116.0768   8.5000   8.9989   5.4479
      0.9909  29.2540  70.1357  42.5068   4.3078   1.0000   5.4479  13.9674
     -3.1456   3.6068   1.0493   6.2998   2.9225   1.4000   0.2000  13.0000
 N    1.6157   3.0000  14.0000   2.2403   0.1458   1.0512   1.3665   5.0000
     10.1070  26.8500   4.0000  34.5504 100.0000   8.4290   7.7500   3.0879
      1.1098  29.9200 138.0808   2.5862   8.2702   3.5229   1.2000   0.0000
     -2.0000   4.4843   1.0183   6.2998   2.8793   1.4000   0.1000  10.0000
 S    2.0773   2.0000  32.0660   2.1729   1.1552   1.0532   1.9191   6.0000
     10.3008  38.8537   4.0000  55.8316 112.1416   6.5745   9.0000   2.0000
      1.4703   9.7177 201.5221  20.7380  28.0801  15.3230   0.9745   0.0000
     -6.5738   3.7542   1.0442   6.2998  13.6585   0.0000   0.0338   0.0000
 Si   2.2977   4.0000  28.0600   2.2203   0.2201   0.7600   1.5758   4.0000
     13.0000   5.2054   4.0000  28.1361 139.9309   8.0000   9.0000   0.0000
     -1.0000   0.0000 128.2031  15.3520 190.1166   0.8381   0.8563   0.0000
     -3.5163   4.2105   1.0338   6.2998   2.5791   1.4000   0.2000  13.0000
 Na   2.0300   1.0000  22.9898   2.8270   0.1872   1.1523  -1.0000   1.0000
     11.0000   9.8000   1.0000   0.0000   0.0000   1.9533   8.2770   0.0000
     -1.0000   0.0000 125.6300 100.0000  10.0000   0.2500   0.8563   0.0000
     -2.5000   3.9900   1.0338   8.0000   2.5791   1.1829   0.1998  13.0486
 X   -0.0998   2.0000   1.0080   2.0000   0.0000   1.0000  -0.1000   6.0000
     10.0000   2.5000   4.0000   0.0000   0.0000   8.5000 999.9999  10.0000
     -0.1000   0.0000 127.6226   8.7410  13.3640   0.6690   0.9745   0.0000
    -11.0000   2.7466   1.0338   6.2998   2.8793   1.0000   0.1000  10.0000
 24    ! Number of bonds parameters
                        Junk
  1  1 158.2004 133.9104  80.0000   0.5777  -0.2901   1.0092  50.0568   0.9667
         6.1765  -0.1000   9.4807   1.0000  -0.0585   8.1850   1.0000   0.1481
  1  2 191.4398   0.0000   0.0000  -0.4259   0.0000   1.0000   6.0000   0.7652
        18.9826   1.0000   0.0000   1.0000  -0.0093   8.6351   0.0000   0.3845
  2  2 188.1606   0.0000   0.0000  -0.1377   0.0000   1.0000   6.0000   1.0062
        13.2089   1.0000   0.0000   1.0000  -0.0113   6.9118   0.0000   0.8926
  1  3 197.3588 150.2826 130.3792   0.5518  -0.1613   1.0000  19.7207   1.0971
         4.1093  -0.2288   9.2845   1.0000  -0.0908   5.7328   1.0000   1.2141
  3  3 222.6268 230.7321 202.3398   0.9950  -0.0688   1.0339  30.7245   1.0000
         1.2986  -0.1055   9.1777   1.0000  -0.1007   7.0000   1.0474   0.2700
  1  4 202.6206 215.6241 132.3859   0.2278  -0.1113   1.0000  35.0000   0.8400
         1.9511  -0.2103  21.7699   1.0000  -0.1000   6.2791   1.0000   0.4000
  3  4 147.4287 180.5864  70.1453   1.0000  -0.1070   1.0000  35.0000   0.9157
         1.1003  -0.1948   8.3762   1.0000  -0.1089   7.6679   1.0000   0.2000
  4  4 160.1592 128.3844 193.1606   0.4110  -0.0934   1.0000  19.0850   1.4628
         0.8606  -0.1310  11.9187   1.0000  -0.0753   6.3921   1.0000   0.4000
  2  3 224.3076   0.0000   0.0000  -0.4155   0.0000   1.0000   6.0000   1.0000
         5.0050   1.0000   0.0000   1.0000  -0.0445   5.9451   0.0000   1.8000
  2  4 235.0480   0.0000   0.0000   0.1507   0.0000   1.0000   6.0000   1.0000
        10.6223   1.0000   0.0000   1.0000  -0.0303   7.3385   0.0000   0.5000
  1  5 207.6211 137.1725  55.2528   0.3109   0.0000   1.0000  31.1766   0.6000
         8.9045   1.0000  14.0134   1.0000  -0.0700   6.6386   1.0000   0.0000
  2  5 300.0000   0.0000   0.0000  -0.2944   0.0000   1.0000   6.0000   0.6485
        11.8360   1.0000   0.0000   1.0000  -0.0242   9.1937   1.0000   0.0000
  3  5 165.3308 237.5033  41.0752   0.7131   0.0903   1.0000  49.5611   0.6000
         3.8092  -0.0579  12.7569   1.0000  -0.0890   7.1145   1.0000   0.0000
  4  5 130.0000 180.0000   0.0000   0.5000  -0.2000   1.0000  40.3399   0.6000
         0.5000  -0.2000  15.0000   1.0000  -0.1000  10.0000   1.0000   0.0000
  5  5 140.8887  93.7006  68.6860   0.5590   0.0000   1.0000  20.0000   1.0000
        12.4430   1.0000  14.4140   1.0000  -0.0889   8.0000   1.0000   0.0000
  1  6 119.1620  95.0233   0.0000   0.3757  -0.3000   1.0000  36.0000   0.5605
        10.0663  -0.2079  25.0000   1.0000  -0.1000  15.7156   1.0000   0.0000
  2  6 250.0000   0.0000   0.0000  -0.0010   0.0000   1.0000   6.0000   1.0000
        21.0000   1.0000   0.0000   1.0000  -0.0300   7.5000   0.0000   0.0000
  3  6 300.0000 150.0000  43.3991  -0.0010  -0.3000   1.0000  36.0000   1.0000
        20.0000  -0.1500  30.3000   1.0000  -0.0800   8.0000   6.0658   0.0000
  4  6 185.4488  41.2405  43.3991  -0.1922  -0.3000   1.0000  36.0000   0.8217
         0.8538  -0.2614   9.4060   1.0000  -0.1245   6.1856   1.0000   0.0000
  6  6 113.7903  70.8314  30.0000   0.9983  -0.3000   1.0000  16.0000   0.1583
         1.0538  -0.0447  18.1800   1.0000  -0.0593   8.7733   0.0000   0.0000
  2  7  87.6869   0.0000   0.0000  -0.7276  -0.3000   1.0000  36.0000   0.7000
        10.1151  -0.3500  25.0000   1.0000  -0.1053   8.2003   1.0000   0.0000
  3  7  76.0753   0.0000   0.0000  -0.1511  -0.3000   1.0000  36.0000   0.6433
         5.8448  -0.3500  25.0000   1.0000  -0.0539   8.0273   1.0000   0.0000
  6  7   0.1000   0.0000   0.0000   0.2500  -0.5000   1.0000  35.0000   0.6000
         0.5000  -0.5000  20.0000   1.0000  -0.2000  10.0000   1.0000   0.0000
  7  7  64.4508   0.0000   0.0000   0.4022   0.3000   0.0000  25.0000   0.4894
         2.4578  -0.4000  12.0000   1.0000  -0.0500   5.3362   0.0000   0.0000
 14    ! Number of offdiagonal parameters
  1  2   0.1240   1.8296  10.4263   1.1578  -1.0000  -1.0000
  2  3   0.0469   1.9998  10.9190   0.9406  -1.0000  -1.0000
  2  4   0.1742   2.3000  10.5623   1.0582  -1.0000  -1.0000
  1  3   0.2000   2.2277  10.2114   1.3695   1.2121   1.1534
  1  4   0.2000   2.1230  10.2359   1.7000   1.2674   1.1749
  3  4   0.2000   2.5000  10.8180   1.7000   1.1416   1.2771
  1  6   0.2000   2.0811  13.5179   1.7778   1.5840  -1.0000
  2  6   0.2000   1.9000  14.0000   1.5000  -1.0000  -1.0000
  3  6   0.2000   2.2000  14.0000   2.2000   1.5000  -1.0000
  4  6   0.1365   1.9463  11.1784   1.7196   1.4858  -1.0000
  1  5   0.3463   2.0109  11.0791   1.7986   1.5312   1.4031
  2  5   0.3157   1.8410  12.6713   1.4640  -0.7052   0.9051
  3  7   0.1592   1.8283  11.7256   1.6655  -1.0000  -1.0000
  6  7   0.1757   2.0409  13.7267  -1.0000  -1.0000  -1.0000
 82    ! Number of angles parameters
  1  1  1  77.0860  49.1556   2.6552   2.4996   1.7959  36.6918   2.5715
  1  1  2  72.1533  20.1739   8.4326   0.0000   1.2399   0.0000   1.6255
  2  1  2  76.7339  38.7524   4.7193   0.0000   3.0000   0.0000   3.0461
  1  2  2   0.0000   0.0000   6.0000   0.0000   0.0000   0.0000   1.0400
  1  2  1   0.0000  28.5244   7.7350   0.0000   0.0000   0.0000   1.0400
  2  2  2   0.0000  27.9213   5.8635   0.0000   0.0000   0.0000   1.0400
  1  1  3  86.9826  38.5283   7.5000   0.0000   4.6228  70.0000   2.1649
  3  1  3  90.0000  52.6408   7.2749   0.0000   4.6228   1.0000   3.0000
  1  1  4  79.7483  51.9415   7.5000   0.0000   5.0000  50.0000   3.0000
  3  1  4  82.7022  45.0000   7.0000   0.0000   4.6228   0.0000   1.8525
  4  1  4 110.1539  45.0000   8.4000   0.0000   5.0000   0.0000   4.0000
  2  1  3  79.3704  32.5434   7.0924   0.0000   1.8063   0.0000   1.7185
  2  1  4  74.2929  41.6246   7.5000   0.0000   0.9110   0.0000   3.0000
  1  2  4   0.0000  14.7285   6.3000   0.0000   0.0000   0.0000   2.1043
  1  3  1  90.0000  45.0000   5.0000   0.0000   3.4168   0.0000   2.8541
  1  3  3  90.0000  53.9823   3.0902   0.0000   4.5310  68.1072   3.0000
  1  3  4  89.4608  53.6036   7.1593   0.0000   3.0000   0.0000   2.6086
  3  3  3  90.0000  61.0192   2.3433   0.0000   3.9048  50.0000   1.3765
  3  3  4  84.3637  45.0000   5.2059   0.0000   3.0000   0.0000   1.5315
  4  3  4  89.7071  54.0833   5.2760   0.0000   3.0072   0.0000   1.5832
  1  3  2  90.0000  44.7226   7.5000   0.0000   3.0000   0.0000   3.0000
  2  3  3  90.0000  50.0000   8.0000   0.0000   3.0000   0.0000   1.3023
  2  3  4  87.0795  48.4138   7.5000   0.0000   3.0000   0.0000   1.4477
  2  3  2  85.8000  53.0405   7.1628   0.0000   2.9933   0.0000   2.7616
  1  4  1  81.4699  28.2589   3.3944   0.0000   3.0000   0.0000   1.2651
  1  4  3 103.3204  44.2905   2.3337   0.0000   3.0000   0.0000   1.7170
  1  4  4 104.1335  26.4557   7.5000   0.0000   3.0000   0.0000   2.0738
  3  4  3  80.6417  45.0000   2.8607 -10.0963   3.0701  40.0000   3.2815
  3  4  4  83.6527  45.0000   1.7944  -0.9193   3.0117   0.0000   1.4381
  4  4  4  90.0000  44.3028   7.5000   0.0000   3.0000   0.0000   2.6751
  1  4  2  92.3431  49.2031   3.5196   0.0000   0.9201   0.0000   3.0000
  2  4  3  88.7810  66.7825   2.7987   0.0000   0.5355   0.0000   3.0000
  2  4  4  89.4242  45.0000   3.8202   0.0000   3.0000   0.0000   2.6397
  2  4  2  85.5836  27.9831   7.5000   0.0000   0.7581   0.0000   2.1689
  1  2  3   0.0000  45.0000   6.0000   0.0000   1.0000   0.0000   1.5000
  1  2  4   0.0000  14.7285   6.3000   0.0000   0.0000   0.0000   2.1043
  1  2  5   0.0000  15.0000   6.0000   0.0000   0.0000   0.0000   1.2500
  3  2  3   5.8434  24.4574   6.0000   0.0000   1.2067   0.1400   2.9884
  3  2  4  10.0112   2.2452   6.0000   0.0000   0.0000   0.1200   3.0000
  4  2  4   7.0790   5.0000   6.0000   0.0000   0.0000   0.1050   2.1728
  2  2  3   0.0000  15.0000   6.0000   0.0000   0.0000   0.0000   2.9374
  2  2  4   0.0000  10.0019   6.0000   0.0000   0.0000   0.0000   1.0400
  1  1  5  84.6560  38.5451   6.7228   0.1463   1.1777   0.0000   2.6454
  1  5  1  92.6710  36.9951   7.0000   0.1463   2.9855   0.0000   2.8158
  2  1  5  90.0000  29.4225   2.1326   0.0000   0.5000   0.0000   3.0000
  1  5  2 100.0000  46.7509   4.2424   0.0000   0.5759   0.0000   3.0000
  1  5  5  92.3921  40.0000   7.0000   0.1463   2.1939   0.0000   3.0000
  2  5  2  93.1959  42.8350   2.0903   0.0000   2.9136   0.0000   3.0000
  2  5  5  97.0064  36.9951   2.0903   0.0000   2.9757   0.0000   3.0000
  6  6  6  78.5354  39.1276   3.6376   0.0000   0.2384   0.0000   1.6608
  2  6  6 100.0000  40.0000   8.0000   0.0000   4.0000   0.0000   3.0000
  2  6  2 100.0000  40.0000   8.0000   0.0000   4.0000   0.0000   3.0000
  3  6  6 100.0000  40.0000   8.0000   0.0000   4.0000   0.0000   3.0000
  2  6  3 100.0000  40.0000   8.0000   0.0000   4.0000   0.0000   3.0000
  3  6  3 100.0000  40.0000   8.0000   0.0000   4.0000   0.0000   3.0000
  6  3  6 100.0000  40.0000   8.0000   0.0000   4.0000   0.0000   3.0000
  2  3  6 100.0000  40.0000   8.0000   0.0000   4.0000   0.0000   3.0000
  3  3  6 100.0000  40.0000   8.0000   0.0000   4.0000   0.0000   3.0000
  2  2  6   0.0000  49.9658   7.8510   0.0000   1.6371   0.0000   2.0000
  6  2  6   0.0000  31.5209   6.3506   0.0000   1.6371   0.0000   3.0000
  3  2  6   0.0000  31.0427   4.5625   0.0000   1.6980   0.0000   1.2500
  2  2  5   0.0000   5.0000   6.0000   0.0000   0.0000   0.0000   1.2500
  1  1  6  72.5239  35.2832   2.0393   0.0000   3.5492   0.0000   1.8016
  1  6  1  80.5084  32.4421   2.1373   0.0000   1.0375   0.0000   1.4031
  6  1  6  68.6453  25.7913   2.0496   0.0000   1.0031   0.0000   1.7501
  1  6  6  71.3550  31.8775   2.0587   0.0000   1.0111   0.0000   1.8214
  2  1  6  96.9319  13.6964   2.4702   0.0000   2.4557   0.0000   1.5109
  1  6  2  73.9320  16.6559   3.0433   0.0000   1.0505   0.0000   1.4005
  4  6  6  64.4297  17.7559   1.1830   0.0000   2.1459   0.0000   1.0400
  4  6  4  78.4992  20.6494   2.3011   0.0000   0.7689   0.0000   1.0400
  3  6  4  77.4641   9.4985   1.0849   0.0000   0.7689   0.0000   1.0400
  6  4  6  25.5269   3.0725   0.2486   0.0000   4.1125   0.0000   1.0400
  2  6  4  77.4079  16.0992   2.2665   0.0000   0.8613   0.0000   1.0400
  2  4  6  80.9040   4.7671   1.6524   0.0000   1.6982   0.0000   1.0400
  4  4  6  76.8202  12.7851   0.7500   0.0000   2.2466   0.0000   1.0400
  3  4  6  69.8728  32.7155   1.5875   0.0000   2.2466   0.0000   1.0400
  4  3  6  69.8728  27.1273   1.5875   0.0000   2.2466   0.0000   1.0400
  4  2  6   0.0000  31.0427   4.5625   0.0000   1.6371   0.0000   1.0400
  1  3  6  91.5678  13.2996   2.4284   0.0000   2.9840   0.0000   1.5312
  1  6  3  96.3796  41.2192   1.5000   0.0000   3.6964   0.0000   1.6527
  3  1  6  76.6122  40.0000   1.5855   0.0000   1.0802   0.0000   1.2774
  1  2  6   0.0000   2.7081   1.1497   0.0000   1.0000   0.0000   1.2657
 41    ! Number of torsions parameters
  1  1  1  1   2.1207  80.0000   0.5160  -4.6220  -1.2327   0.0000   3.6702
  1  1  1  2   1.5816  63.3484   0.5000  -4.0203  -1.0125   0.0000   0.0000
  2  1  1  2   1.5695  59.3937   0.5199  -4.0658  -0.8717   0.0000   0.0000
  1  1  1  3   1.2799  77.0432   1.0000  -2.5000  -1.0000   0.0000   0.0000
  2  1  1  3   1.9159  78.8702   1.0000  -3.9603  -1.0000   0.0000   0.0000
  3  1  1  3  -0.0528  56.1599   0.8433  -2.5006  -0.0100   0.0000   0.0000
  1  1  3  1   2.5000  80.0000   1.0000  -2.5000  -0.0100   0.0000   0.0000
  1  1  3  2   2.5000 150.0000   1.0000  -2.5000  -0.0100   0.0000   0.0000
  2  1  3  1   1.0000 143.9644   0.9658  -2.5000  -0.9000   0.0000   0.0000
  2  1  3  2   2.0000  79.6980   1.0000  -2.5000  -1.0000   0.0000   0.0000
  1  1  3  3   1.3842 133.2711   1.5000  -2.5000  -0.0100   0.0000   0.0000
  2  1  3  3   2.5000  80.0000   1.0000  -2.5000  -2.8000   0.0000   0.0000
  3  1  3  1   1.1496  80.0000   0.7534  -3.3533  -2.2258   0.0000   0.0000
  3  1  3  2   2.5000  91.6742   1.0000  -2.5000  -0.1540   0.0000   0.0000
  3  1  3  3   2.0814  86.4981   1.5000  -2.8895  -0.0610   0.0000   0.0000
  1  3  3  1   2.5000  80.0000   1.0000  -2.5000  -0.0100   0.0000   0.0000
  1  3  3  2   0.9093  69.2788   1.0000  -2.4750  -2.8081   0.0000   0.0000
  2  3  3  2   2.5000   5.0000   1.0000  -2.5000   0.0000   0.0000   0.0000
  1  3  3  3   2.5000   2.1016   1.0000  -2.5000  -0.9972   0.0000   0.0000
  2  3  3  3   0.8302  80.0000   0.5000  -2.5000   0.0000   0.0000   0.0000
  3  3  3  3   0.1000   5.0000   1.0000  -2.5000  -0.9000   0.0000   0.0000
  0  1  2  0   0.0000  67.8771   0.0000   0.0000   0.0000   0.0000   0.0000
  0  2  2  0   1.0000 100.0000   0.5267   0.0000   0.0000   0.0000   0.0000
  0  2  3  0   0.0000   0.1000   0.0200  -2.5415   0.0000   0.0000   0.0000
  0  1  1  0   0.0930  60.0000   0.3000  -3.6133   0.0000   0.0000   0.0000
  0  3  3  0   2.6089 150.0000   1.2614  -4.7170   0.0000   0.0000   0.0000
  0  1  4  0   1.7932 150.0000   0.9931  -3.7375   0.0000   0.0000   0.0000
  0  2  4  0   0.0000   0.1032   0.3000  -2.5415   0.0000   0.0000   0.0000
  0  3  4  0   2.0000  72.0073   0.5139  -3.5000  -0.2500   0.0000   0.0000
  0  4  4  0   2.0000  91.7450   1.9165  -2.8272  -1.2327   0.0000   0.0000
  4  1  4  4  -0.0949 150.0000   1.0524  -5.0000  -0.1000   0.0000   0.0000
  0  1  5  0   4.0885  92.1468   1.0158  -2.1639   0.0000   0.0000   0.0000
  0  5  5  0   2.0000   5.0786   2.0000  -0.9578   0.0000   0.0000   0.0000
  0  2  5  0   0.0000   0.0000   0.0000   0.0000   0.0000   0.0000   0.0000
  2  6  6  2   0.0000   0.0000   0.0640  -2.4426   0.0000   0.0000   0.0000
  2  6  6  6   0.0000   0.0000   0.1587  -2.4426   0.0000   0.0000   0.0000
  0  2  6  0   0.0000   0.0000   0.1200  -2.4847   0.0000   0.0000   0.0000
  0  4  6  0   0.0000   0.0000   0.0000  -2.4426   0.0000   0.0000   0.0000
  1  1  3  3   1.3842 133.2711   1.5000  -2.5000  -0.0100   0.0000   0.0000
  1  3  3  1   2.5000  80.0000   1.0000  -2.5000  -0.0100   0.0000   0.0000
  3  1  3  3   2.0814  86.4981   1.5000  -2.8895  -0.0610   0.0000   0.0000
  1    ! Number of hydrogen parameters
  3  2  3   2.2017   0.0000   4.9076  23.0000
