Random ReaxFF ff:
 39 ! Number of general parameters
    50.0000 !p(boc1) 
    9.5469 !p(boc2) 
   26.5405 !p(coa2) 
    1.7224 !p(trip4)
    6.8702 !p(trip3)
   60.4850 !kc2     
    1.0588 !p(ovun6)
    4.6000 !p(trip2)
   12.1176 !p(ovun6)
   13.3056 !p(ovun8)
  -70.5044 !p(trip1)
    0.0000 !LowerTaper-radius(swa)
   10.0000 !UpperTaper-radius(swb)
    2.8793 !Notused 
   33.8667 !p(val7) 
    6.0891 !p(lp1)  
    1.0563 !p(val9) 
    2.0384 !p(val10)
    6.1431 !Notused 
    6.9290 !p(pen2) 
    0.3842 !p(pen3) 
    2.9294 !p(pen4) 
   -2.4837 !Notused 
    5.7796 !p(tor2) 
   10.0000 !p(tor3) 
    1.9487 !p(tor4) 
   -1.2327 !notused 
    2.1645 !p(cot2) 
    1.5591 !p(vdW1) 
    0.1000 !Cutoffforbondorder*100(cutoff)
    2.1365 !p(coa4) 
    0.6991 !p(ovun4)
   50.0000 !p(ovun3)
    1.8512 !p(val8) 
    0.5000 !Notused 
   20.0000 !Notused 
    5.0000 !notused 
    0.0000 !notused)
    2.6962 !p(coa3) 
 4 ! Number of atoms parameters
 Junk
 Junk
 Junk
C            1.3677   4.0000  12.0000   2.0018   0.1185   0.6687   1.2233   4.0000
             9.6357   2.1216   4.0000  35.2168  35.8531   5.4004   6.3343   2.3745
             1.1480   0.0000  58.9146  12.6375  27.2757  14.2089   1.5098   9.6055
           -10.8370   4.1390   0.2704   4.7859   2.9334   0.4080   0.1186   9.1681
H            0.8427   1.0000   1.0080   1.4492   0.2043   0.8535  -0.1000   1.0000
             9.5745  14.7710   1.0000   0.0000  48.8195   5.6633   7.9268   2.4374
            -0.1000   0.0000  44.7636   4.5131   5.0635   1.9907   2.1550   2.7045
           -15.2501   3.2699   0.3623   4.2528   2.8793   0.7423   0.1448   7.5015
Ni           1.8649   2.0000  58.6900   1.8913   0.1541   0.6368   0.1000   2.0000
            12.2024   3.9230   2.0000   0.0000   0.0000   2.5548   6.9635   0.0000
            -1.0000   0.0000  99.1174  24.4384   3.2681   0.0670   0.8563   0.0000
           -11.1261   4.3977   1.0338   3.5989   2.5791   0.0000   0.0000   0.0000 
Pd           1.8582   2.0000 106.4200   2.0113   0.2465   1.0000  -1.0000  2.0000
            12.5712   6.0083   2.0000   0.0000   0.0000   5.5005   6.6477   0.0000
            -1.0000   0.0000  89.8000  27.2704   1.8727   0.1586   0.8563   0.0000
           -13.0000   1.7287   1.0338   5.0000   2.5791   0.0000   0.0000   0.0000
 9 ! Number of bonds parameters
 Junk
1  1       130.7998 122.2887  50.6023  -0.3018  -0.5263   1.0055  32.0326   0.5245
             3.1653  -0.1400   8.4310   0.3793  -0.0844   6.9212   1.0000   0.0924
1  2       179.5508   0.0000   0.0000  -0.5123   0.0000   1.0000   6.0000   0.6789
             9.3588   1.0000   0.0000   0.5036  -0.0586   7.1637   0.0000   0.1924
2  2       125.7150   0.0000   0.0000  -0.3460   0.0000   1.0000   6.0000   0.5566
             9.5757   1.0000   0.0000   0.3758  -0.1105   4.9620   0.0000   0.4137
1  3        24.7518   7.4881   0.0000   0.7748  -0.2546   1.0000  22.8725   0.2866
             1.4177  -0.1794  12.7493   1.0000  -0.1528   6.2312   1.0000   0.0000
2  3        78.7367   0.0000   0.0000   0.2296  -0.1063   0.4239  19.7445   0.3714
             3.1476   0.3766   8.4421   1.0000  -0.1141   5.9267   0.5650   0.0000
3  3        86.5855   0.0000   0.0000  -0.1670  -0.2000   0.0000  16.0000   0.3045
             1.1107  -0.2000  15.0000   1.0000  -0.1214   5.1169   0.0000   0.0000
2  2       135.8242   0.0000   0.0000  -0.6062   0.0000   1.0000   6.0000   0.7104
            10.5854   1.0000   0.0000   0.5436  -0.1271   5.2620   0.0000   0.2847
4  4        90.7003   0.0000   0.0000  -0.1661  -0.2000   0.0000  16.0000   0.2578
             3.0618  -0.2000  15.0000   1.0000  -0.0914   5.4665   0.0000   0.0000
2  4        67.5406   0.0000   0.0000   0.6327   0.0000   1.0000   6.0000   0.2077
             0.7493   1.0000   0.0000   1.0000  -0.0547   4.0000   0.0000   0.0000
 3 ! Number of offdiagonal parameters
1  2         0.0656   1.6026  10.2079   1.0927  -1.0000  -1.0000
1  3         0.1170   1.8124  10.5229   0.3050   0.6107  -1.0000
2  3         0.0505   1.5316  11.2261  -0.2542  -1.0000  -1.0000
2  4         0.1445   1.1103  13.0000   1.5714  -1.0000  -1.0000
 22 ! Number of angles parameters
1  1  1     68.2104  22.8629   1.6737   1.3515   0.6106  20.4240   1.7489
1  1  2     67.9082  15.2693   5.6112   0.0000   0.4344   0.0000   1.3993
2  1  2     74.3401  17.4186   3.2824   0.0000   1.4074   0.0000   1.5951
1  2  2      0.0000   0.0000   6.0000   0.0000   0.0000   0.0000   1.0400
1  2  1      0.0000  16.0655   6.7995   0.0000   0.0000   0.0000   1.0400
2  2  2      0.0000  27.9213   5.8635   0.0000   0.0000   0.0000   1.0400
1  3  1     76.6108  34.3085   1.0587   0.0000   2.0650   0.0000   1.3873
1  1  3     74.2459  15.7200   0.7950   0.0000   0.1855   0.0000   1.6139
3  1  3     92.6131  17.7652   4.7218   0.0000   0.0155   0.0000   2.3670
1  3  3     25.8198   3.2761   1.2009   0.0000   0.3311   0.0000   2.6553
2  3  2     93.8578  25.1073   2.1913   0.0000   2.5811   0.0000   2.0580
2  2  3      0.0000  19.5478   1.7718   0.0000   1.2679   0.0000   3.1868
3  2  3      0.0000  49.3996   3.8646   0.0000   0.7604   0.0000   1.7554
2  3  3    114.9315 -13.0320  10.0011   0.0000   0.4830   0.0000   2.6019
2  3  3    112.0679 -13.1906  13.8792   0.0000   0.5988   0.0000   3.1189
1  3  2     79.2422  31.2065   1.5096   0.1879   1.1592   0.0000   1.8644
1  2  3      0.0000   1.1959   0.9660   0.0000   0.7252   0.0000   3.4417
2  1  3     56.7786  16.3954   1.3781   0.1903   1.4780   0.0000   1.1597
2  4  2     25.6680  10.1984   7.6844   0.0000   1.0000   0.0000   1.2474
2  2  4     83.9156  13.0474   0.9983   0.0000   1.0001   0.0000   3.1381
4  2  4      0.9367  12.0943   6.6344   0.0000   1.0000   0.0000   1.0115
2  4  4     40.0354   9.2882   8.0000   0.0000   1.0000   0.0000   2.7288
 12 ! Number of torsions parameters
1  1  1  1   1.0620  38.2586   0.0792  -7.3207  -2.2314   0.0000   1.0411
1  1  1  2   0.2866  31.6645   0.4070  -6.3716  -1.7563   0.0000   0.0000
2  1  1  2   0.9477  37.7229   0.3736  -6.6635  -1.4795   0.0000   0.0000
0  1  2  0  -0.4289  18.9669  -0.3086  -1.5468  -0.8544   0.0000   0.0000
0  2  2  0   0.5448  43.5684   0.2726  -1.1997  -0.3429   0.0000   0.0000
0  1  1  0   0.0409  39.5191   0.1474  -5.5231  -0.5332   0.0000   0.0000
1  1  1  3   0.0800  21.0507   0.0007  -5.3034   0.0000   0.0000   0.0000
3  1  1  3   0.0267  29.6121   0.0029  -3.4830   0.0000   0.0000   0.0000
2  1  1  3   0.6992  12.2821   0.4507  -4.0576   0.0000   0.0000   0.0000
2  1  3  1   0.0000   3.6834   0.0100  -6.0000   0.0000   0.0000   0.0000
1  1  3  1   0.0000   2.4948   0.0100  -5.9539   0.0000   0.0000   0.0000
1  1  3  2   0.0000   5.5349   0.0100  -5.9539   0.0000   0.0000   0.0000
 0 ! Number of hydrogen parameters
