Random ReaxFF ff:
 39       ! Number of general parameters
   50.0000 !p(boc1)
    9.5469 !p(boc2)
   26.5405 !p(coa2)
    1.7224 !p(trip4)
    6.8702 !p(trip3)
   60.4850 !kc2
    1.0588 !p(ovun6)
    4.6000 !p(trip2)
   12.1176 !p(ovun6)
   13.3056 !p(ovun8)
  -70.5044 !p(trip1)
    0.0000 !LowerTaper-radius(swa)
   10.0000 !UpperTaper-radius(swb)
    2.8793 !Notused
   33.8667 !p(val7)
    6.0891 !p(lp1)
    1.0563 !p(val9)
    2.0384 !p(val10)
    6.1431 !Notused
    6.9290 !p(pen2)
    0.3842 !p(pen3)
    2.9294 !p(pen4)
   -2.4837 !Notused
    5.7796 !p(tor2)
   10.0000 !p(tor3)
    1.9487 !p(tor4)
   -1.2327 !notused
    2.1645 !p(cot2)
    1.5591 !p(vdW1)
    0.1000 !Cutoffforbondorder*100(cutoff)
    2.1365 !p(coa4)
    0.6991 !p(ovun4)
   50.0000 !p(ovun3)
    1.8512 !p(val8)
    0.5000 !Notused
   20.0000 !Notused
    5.0000 !notused
    0.0000 !notused)
    2.6962 !p(coa3)
  4    ! Number of atoms parameters
            Junk
            Junk
            Junk
 C    1.3652   4.0000  12.0000   1.9713   0.1288   0.5732   1.1678   4.0000
      9.6971   2.0688   4.0000  31.8460  35.9157   6.7657   5.2090   1.9090
      1.1376   0.0000 119.1717  11.8615  30.1457  13.2909   1.5701  12.8845
     -9.6938   3.9263   0.3502   4.5767   2.9089   0.5930   0.1199   6.9550
 H    0.7886   1.0000   1.0080   1.2885   0.1149   0.7607  -0.1000   1.0000
      9.0400  13.0985   1.0000   0.0000  67.8191   4.9342   7.6445   2.1096
     -0.1000   0.0000  16.7960   2.5326   5.1356   2.1335   1.9583   1.9061
    -13.1601   3.0882   0.6417   3.1351   2.8793   0.6720   0.1157   5.5943
 Ni   1.8316   2.0000  58.6900   1.8881   0.1659   0.6554   0.1000   2.0000
     12.2104   3.9062   2.0000   0.0000   0.0000   1.8480   6.5751   0.0000
     -1.0000   0.0000  96.2864  25.1580   3.3608   0.0690   0.8563   0.0000
    -11.3077   4.2999   1.0338   4.9895   2.5791   0.0000   0.0000   0.0000
 Pd   1.8582   2.0000 106.4200   2.0113   0.2465   1.0000  -1.0000   2.0000
     12.5712   6.0083   2.0000   0.0000   0.0000   5.5005   6.6477   0.0000
     -1.0000   0.0000  89.8000  27.2704   1.8727   0.1586   0.8563   0.0000
    -13.0000   1.7287   1.0338   5.0000   2.5791   0.0000   0.0000   0.0000
  9    ! Number of bonds parameters
                        Junk
  1  1 110.7610 109.5398  56.6549  -0.4526  -0.6535   1.0037  40.5211   0.5214
         3.3093  -0.1346   8.4887   0.3731  -0.0798   7.3952   1.0000   0.0458
  1  2 171.0645   0.0000   0.0000  -0.5064   0.0000   1.0000   6.0000   0.5791
        11.4612   1.0000   0.0000   0.6780  -0.0399   7.7423   0.0000   0.2658
  2  2  65.1533   0.0000   0.0000  -0.4239   0.0000   1.0000   6.0000   0.6924
         6.0023   1.0000   0.0000   0.5686  -0.1050   5.6366   0.0000   0.3256
  1  3  49.1738   5.8156   0.0000   0.6064  -0.2527   1.0000  23.7499   0.3078
         1.7076  -0.2131  12.2388   1.0000  -0.1622   6.5184   1.0000   0.0000
  2  3  78.5302   0.0000   0.0000  -0.2263  -0.1538   0.4279  22.1664   0.2004
         5.8002   0.0442   8.1768   1.0000  -0.1638   6.6961   0.6012   0.0000
  3  3  89.9643   0.0000   0.0000  -0.1198  -0.2000   0.0000  16.0000   0.3241
         1.4473  -0.2000  15.0000   1.0000  -0.0978   4.8916   0.0000   0.0000
  2  2  91.9817   0.0000   0.0000  -0.5568   0.0000   1.0000   6.0000   0.5671
         8.1363   1.0000   0.0000   0.5542  -0.0543   4.9722   0.0000   0.3085
  4  4  90.7003   0.0000   0.0000  -0.1661  -0.2000   0.0000  16.0000   0.2578
         3.0618  -0.2000  15.0000   1.0000  -0.0914   5.4665   0.0000   0.0000
  2  4  67.5406   0.0000   0.0000   0.6327   0.0000   1.0000   6.0000   0.2077
         0.7493   1.0000   0.0000   1.0000  -0.0547   4.0000   0.0000   0.0000
  4    ! Number of offdiagonal parameters
  1  2   0.0639   1.7107  10.0014   1.0524  -1.0000  -1.0000
  1  3   0.1439   1.7955  11.3060   0.1538   0.7251  -1.0000
  2  3   0.0505   1.6571  11.5937   0.4532  -1.0000  -1.0000
  2  4   0.1445   1.1103  13.0000   1.5714  -1.0000  -1.0000
 22    ! Number of angles parameters
  1  1  1  67.4963  36.5602   2.1268   1.0315   0.7202  20.6579   2.0179
  1  1  2  69.9008  16.9651   4.7614   0.0000   0.8443   0.0000   1.2401
  2  1  2  74.3901  23.9318   2.7588   0.0000   1.1207   0.0000   2.1709
  1  2  2   0.0000   0.0000   6.0000   0.0000   0.0000   0.0000   1.0400
  1  2  1   0.0000  13.9101   6.5952   0.0000   0.0000   0.0000   1.0400
  2  2  2   0.0000  27.9213   5.8635   0.0000   0.0000   0.0000   1.0400
  1  3  1  70.1815  26.5811   0.9097   0.0000   1.3905   0.0000   1.6489
  1  1  3  66.9297  23.0667   1.1158   0.0000   0.3658   0.0000   1.3459
  3  1  3  90.4725  26.3427   3.0697   0.0000   0.0161   0.0000   2.1798
  1  3  3  25.0403   3.0785   0.7100   0.0000   0.5819   0.0000   2.1888
  2  3  2  91.4284  19.6474   2.2920   0.0000   1.7859   0.0000   2.4407
  2  2  3   0.0000  17.5506   2.2890   0.0000   1.1794   0.0000   2.1652
  3  2  3   0.0000  50.2168   2.8970   0.0000   1.3301   0.0000   1.6626
  2  3  3 109.7028 -25.5376   6.1428   0.0000   0.6703   0.0000   2.6642
  2  3  3 125.8139 -27.9515  10.8581   0.0000   0.8755   0.0000   2.6376
  1  3  2  80.9859  33.3747   2.5577   0.3432   1.2341   0.0000   1.9012
  1  2  3   0.0000   2.1116   0.8870   0.0000   0.5682   0.0000   3.1203
  2  1  3  67.6083  20.4529   1.4152   0.3149   1.5324   0.0000   1.1635
  2  4  2  25.6680  10.1984   7.6844   0.0000   1.0000   0.0000   1.2474
  2  2  4  83.9156  13.0474   0.9983   0.0000   1.0001   0.0000   3.1381
  4  2  4   0.9367  12.0943   6.6344   0.0000   1.0000   0.0000   1.0115
  2  4  4  40.0354   9.2882   8.0000   0.0000   1.0000   0.0000   2.7288
 12    ! Number of torsions parameters
  1  1  1  1   0.3181  52.8814   0.0615  -7.5091  -1.7986   0.0000   1.9577
  1  1  1  2   0.5099  45.6007   0.2621  -6.0602  -1.8444   0.0000   0.0000
  2  1  1  2   0.3548  39.5451   0.3863  -5.9358  -1.8894   0.0000   0.0000
  0  1  2  0  -0.4359  25.4563  -0.2410  -1.4928  -0.4526   0.0000   0.0000
  0  2  2  0   0.4367  67.8528   0.3301  -1.5518  -0.4725   0.0000   0.0000
  0  1  1  0   0.0656  41.2820   0.1374  -7.5525  -1.0930   0.0000   0.0000
  1  1  1  3   0.0383  24.2116  -0.0172  -4.9335   0.0000   0.0000   0.0000
  3  1  1  3   0.0322  23.8062   0.5549  -3.2707   0.0000   0.0000   0.0000
  2  1  1  3   0.6385   7.9559   0.8366  -4.0601   0.0000   0.0000   0.0000
  2  1  3  1   0.0000   3.5777   0.0100  -6.0000   0.0000   0.0000   0.0000
  1  1  3  1   0.0000   2.9026   0.0100  -5.9539   0.0000   0.0000   0.0000
  1  1  3  2   0.0000   5.7063   0.0100  -5.9539   0.0000   0.0000   0.0000
  0    ! Number of hydrogen parameters
