BOOL ReaxFF ff:
 39       ! Number of general parameters
    0.0000 !Overcoordinationparameter
    0.0000 !Overcoordinationparameter
    0.0000 !Valencyangleconjugationparameter
    0.0000 !Triplebondstabilisationparameter
    0.0000 !Triplebondstabilisationparameter
    0.0000 !C2-correction
    0.0000 !Undercoordinationparameter
    0.0000 !Triplebondstabilisationparameter
    0.0000 !Undercoordinationparameter
    0.0000 !Undercoordinationparameter
    0.0000 !Triplebondstabilizationenergy
    0.0000 !LowerTaper-radius
    0.0000 !UpperTaper-radius
    0.0000 !Notused
    0.0000 !Valencyundercoordination
    0.0000 !Valencyangle/lonepairparameter
    0.0000 !Valencyangle
    0.0000 !Valencyangleparameter
    0.0000 !Notused
    0.0000 !Doublebond/angleparameter
    0.0000 !Doublebond/angleparameter:overcoord
    0.0000 !Doublebond/angleparameter:overcoord
    0.0000 !Notused
    0.0000 !Torsion/BOparameter
    0.0000 !Torsionovercoordination
    0.0000 !Torsionovercoordination
    0.0000 !Conjugation0(notused)
    0.0000 !Conjugation
    0.0000 !vdWaalsshielding
    0.0000 !Cutoffforbondorder(*100)
    0.0000 !Valencyangleconjugationparameter
    0.0000 !Overcoordinationparameter
    0.0000 !Overcoordinationparameter
    0.0000 !Valency/lonepairparameter
    0.0000 !Notused
    0.0000 !Notused
    0.0000 !Molecularenergy(notused)
    0.0000 !Molecularenergy(notused)
    0.0000 !Valencyangleconjugationparameter
  8    ! Number of atoms parameters
            Junk
            Junk
            Junk
 C    0.0000   0.0000   0.0000   0.0000   0.0000   0.0000   0.0000   0.0000
      0.0000   0.0000   0.0000   0.0000   0.0000   0.0000   0.0000   0.0000
      0.0000   0.0000   0.0000   0.0000   0.0000   0.0000   0.0000   0.0000
      0.0000   0.0000   0.0000   0.0000   0.0000   0.0000   0.0000   0.0000
 H    0.0000   0.0000   0.0000   0.0000   0.0000   0.0000   0.0000   0.0000
      0.0000   0.0000   0.0000   0.0000   0.0000   0.0000   0.0000   0.0000
      0.0000   0.0000   0.0000   0.0000   0.0000   0.0000   0.0000   0.0000
      0.0000   0.0000   0.0000   0.0000   0.0000   0.0000   0.0000   0.0000
 O    0.0000   0.0000   0.0000   0.0000   0.0000   0.0000   0.0000   0.0000
      0.0000   0.0000   0.0000   0.0000   0.0000   0.0000   0.0000   0.0000
      0.0000   0.0000   0.0000   0.0000   0.0000   0.0000   0.0000   0.0000
      0.0000   0.0000   0.0000   0.0000   0.0000   0.0000   0.0000   0.0000
 N    0.0000   0.0000   0.0000   0.0000   0.0000   0.0000   0.0000   0.0000
      0.0000   0.0000   0.0000   0.0000   0.0000   0.0000   0.0000   0.0000
      0.0000   0.0000   0.0000   0.0000   0.0000   0.0000   0.0000   0.0000
      0.0000   0.0000   0.0000   0.0000   0.0000   0.0000   0.0000   0.0000
 S    0.0000   0.0000   0.0000   0.0000   0.0000   0.0000   0.0000   0.0000
      0.0000   0.0000   0.0000   0.0000   0.0000   0.0000   0.0000   0.0000
      0.0000   0.0000   0.0000   0.0000   0.0000   0.0000   0.0000   0.0000
      0.0000   0.0000   0.0000   0.0000   0.0000   0.0000   0.0000   0.0000
 Si   0.0000   0.0000   0.0000   0.0000   0.0000   1.0000   0.0000   0.0000
      0.0000   0.0000   0.0000   0.0000   0.0000   1.0000   1.0000   0.0000
      0.0000   0.0000   0.0000   0.0000   0.0000   0.0000   0.0000   0.0000
      0.0000   0.0000   0.0000   0.0000   0.0000   0.0000   0.0000   0.0000
 Na   0.0000   0.0000   0.0000   0.0000   0.0000   0.0000   0.0000   0.0000
      0.0000   0.0000   0.0000   0.0000   0.0000   0.0000   0.0000   0.0000
      0.0000   0.0000   0.0000   0.0000   0.0000   0.0000   0.0000   0.0000
      0.0000   0.0000   0.0000   0.0000   0.0000   0.0000   0.0000   0.0000
 X    0.0000   0.0000   0.0000   0.0000   0.0000   0.0000   0.0000   0.0000
      0.0000   0.0000   0.0000   0.0000   0.0000   0.0000   0.0000   0.0000
      0.0000   0.0000   0.0000   0.0000   0.0000   0.0000   0.0000   0.0000
      0.0000   0.0000   0.0000   0.0000   0.0000   0.0000   0.0000   0.0000
 24    ! Number of bonds parameters
                        Junk
  1  1   0.0000   0.0000   0.0000   0.0000   0.0000   0.0000   0.0000   0.0000
         0.0000   0.0000   0.0000   0.0000   0.0000   0.0000   0.0000   0.0000
  1  2   0.0000   0.0000   0.0000   0.0000   0.0000   0.0000   0.0000   0.0000
         0.0000   0.0000   0.0000   0.0000   0.0000   0.0000   0.0000   0.0000
  2  2   0.0000   0.0000   0.0000   0.0000   0.0000   0.0000   0.0000   0.0000
         0.0000   0.0000   0.0000   0.0000   0.0000   0.0000   0.0000   0.0000
  1  3   0.0000   0.0000   0.0000   0.0000   0.0000   0.0000   0.0000   0.0000
         0.0000   0.0000   0.0000   0.0000   0.0000   0.0000   0.0000   0.0000
  3  3   0.0000   0.0000   0.0000   0.0000   0.0000   0.0000   0.0000   0.0000
         0.0000   0.0000   0.0000   0.0000   0.0000   0.0000   0.0000   0.0000
  1  4   0.0000   0.0000   0.0000   0.0000   0.0000   0.0000   0.0000   0.0000
         0.0000   0.0000   0.0000   0.0000   0.0000   0.0000   0.0000   0.0000
  3  4   0.0000   0.0000   0.0000   0.0000   0.0000   0.0000   0.0000   0.0000
         0.0000   0.0000   0.0000   0.0000   0.0000   0.0000   0.0000   0.0000
  4  4   0.0000   0.0000   0.0000   0.0000   0.0000   0.0000   0.0000   0.0000
         0.0000   0.0000   0.0000   0.0000   0.0000   0.0000   0.0000   0.0000
  2  3   0.0000   0.0000   0.0000   0.0000   0.0000   0.0000   0.0000   0.0000
         0.0000   0.0000   0.0000   0.0000   0.0000   0.0000   0.0000   0.0000
  2  4   0.0000   0.0000   0.0000   0.0000   0.0000   0.0000   0.0000   0.0000
         0.0000   0.0000   0.0000   0.0000   0.0000   0.0000   0.0000   0.0000
  1  5   0.0000   0.0000   0.0000   0.0000   0.0000   0.0000   0.0000   0.0000
         0.0000   0.0000   0.0000   0.0000   0.0000   0.0000   0.0000   0.0000
  2  5   0.0000   0.0000   0.0000   0.0000   0.0000   0.0000   0.0000   0.0000
         0.0000   0.0000   0.0000   0.0000   0.0000   0.0000   0.0000   0.0000
  3  5   0.0000   0.0000   0.0000   0.0000   0.0000   0.0000   0.0000   0.0000
         0.0000   0.0000   0.0000   0.0000   0.0000   0.0000   0.0000   0.0000
  4  5   0.0000   0.0000   0.0000   0.0000   0.0000   0.0000   0.0000   0.0000
         0.0000   0.0000   0.0000   0.0000   0.0000   0.0000   0.0000   0.0000
  5  5   0.0000   0.0000   0.0000   0.0000   0.0000   0.0000   0.0000   0.0000
         0.0000   0.0000   0.0000   0.0000   0.0000   0.0000   0.0000   0.0000
  1  6   0.0000   0.0000   0.0000   0.0000   0.0000   0.0000   0.0000   0.0000
         0.0000   0.0000   0.0000   0.0000   0.0000   0.0000   0.0000   0.0000
  2  6   1.0000   0.0000   0.0000   1.0000   0.0000   0.0000   0.0000   1.0000
         1.0000   0.0000   0.0000   0.0000   1.0000   1.0000   0.0000   0.0000
  3  6   1.0000   1.0000   0.0000   1.0000   0.0000   0.0000   0.0000   1.0000
         1.0000   1.0000   1.0000   0.0000   1.0000   1.0000   0.0000   0.0000
  4  6   0.0000   0.0000   0.0000   0.0000   0.0000   0.0000   0.0000   0.0000
         0.0000   0.0000   0.0000   0.0000   0.0000   0.0000   0.0000   0.0000
  6  6   0.0000   0.0000   0.0000   0.0000   0.0000   0.0000   0.0000   0.0000
         0.0000   0.0000   0.0000   0.0000   0.0000   0.0000   0.0000   0.0000
  2  7   0.0000   0.0000   0.0000   0.0000   0.0000   0.0000   0.0000   0.0000
         0.0000   0.0000   0.0000   0.0000   0.0000   0.0000   0.0000   0.0000
  3  7   0.0000   0.0000   0.0000   0.0000   0.0000   0.0000   0.0000   0.0000
         0.0000   0.0000   0.0000   0.0000   0.0000   0.0000   0.0000   0.0000
  6  7   0.0000   0.0000   0.0000   0.0000   0.0000   0.0000   0.0000   0.0000
         0.0000   0.0000   0.0000   0.0000   0.0000   0.0000   0.0000   0.0000
  7  7   0.0000   0.0000   0.0000   0.0000   0.0000   0.0000   0.0000   0.0000
         0.0000   0.0000   0.0000   0.0000   0.0000   0.0000   0.0000   0.0000
 14    ! Number of offdiagonal parameters
  1  2   0.0000   0.0000   0.0000   0.0000   0.0000   0.0000
  2  3   0.0000   0.0000   0.0000   0.0000   0.0000   0.0000
  2  4   0.0000   0.0000   0.0000   0.0000   0.0000   0.0000
  1  3   0.0000   0.0000   0.0000   0.0000   0.0000   0.0000
  1  4   0.0000   0.0000   0.0000   0.0000   0.0000   0.0000
  3  4   0.0000   0.0000   0.0000   0.0000   0.0000   0.0000
  1  6   0.0000   0.0000   0.0000   0.0000   0.0000   0.0000
  2  6   1.0000   1.0000   1.0000   1.0000   0.0000   0.0000
  3  6   1.0000   1.0000   1.0000   1.0000   1.0000   0.0000
  4  6   0.0000   0.0000   0.0000   0.0000   0.0000   0.0000
  1  5   0.0000   0.0000   0.0000   0.0000   0.0000   0.0000
  2  5   0.0000   0.0000   0.0000   0.0000   0.0000   0.0000
  3  7   0.0000   0.0000   0.0000   0.0000   0.0000   0.0000
  6  7   0.0000   0.0000   0.0000   0.0000   0.0000   0.0000
 82    ! Number of angles parameters
  1  1  1   0.0000   0.0000   0.0000   0.0000   0.0000   0.0000   0.0000
  1  1  2   0.0000   0.0000   0.0000   0.0000   0.0000   0.0000   0.0000
  2  1  2   0.0000   0.0000   0.0000   0.0000   0.0000   0.0000   0.0000
  1  2  2   0.0000   0.0000   0.0000   0.0000   0.0000   0.0000   0.0000
  1  2  1   0.0000   0.0000   0.0000   0.0000   0.0000   0.0000   0.0000
  2  2  2   0.0000   0.0000   0.0000   0.0000   0.0000   0.0000   0.0000
  1  1  3   0.0000   0.0000   0.0000   0.0000   0.0000   0.0000   0.0000
  3  1  3   0.0000   0.0000   0.0000   0.0000   0.0000   0.0000   0.0000
  1  1  4   0.0000   0.0000   0.0000   0.0000   0.0000   0.0000   0.0000
  3  1  4   0.0000   0.0000   0.0000   0.0000   0.0000   0.0000   0.0000
  4  1  4   0.0000   0.0000   0.0000   0.0000   0.0000   0.0000   0.0000
  2  1  3   0.0000   0.0000   0.0000   0.0000   0.0000   0.0000   0.0000
  2  1  4   0.0000   0.0000   0.0000   0.0000   0.0000   0.0000   0.0000
  1  2  4   0.0000   0.0000   0.0000   0.0000   0.0000   0.0000   0.0000
  1  3  1   0.0000   0.0000   0.0000   0.0000   0.0000   0.0000   0.0000
  1  3  3   0.0000   0.0000   0.0000   0.0000   0.0000   0.0000   0.0000
  1  3  4   0.0000   0.0000   0.0000   0.0000   0.0000   0.0000   0.0000
  3  3  3   0.0000   0.0000   0.0000   0.0000   0.0000   0.0000   0.0000
  3  3  4   0.0000   0.0000   0.0000   0.0000   0.0000   0.0000   0.0000
  4  3  4   0.0000   0.0000   0.0000   0.0000   0.0000   0.0000   0.0000
  1  3  2   0.0000   0.0000   0.0000   0.0000   0.0000   0.0000   0.0000
  2  3  3   0.0000   0.0000   0.0000   0.0000   0.0000   0.0000   0.0000
  2  3  4   0.0000   0.0000   0.0000   0.0000   0.0000   0.0000   0.0000
  2  3  2   0.0000   0.0000   0.0000   0.0000   0.0000   0.0000   0.0000
  1  4  1   0.0000   0.0000   0.0000   0.0000   0.0000   0.0000   0.0000
  1  4  3   0.0000   0.0000   0.0000   0.0000   0.0000   0.0000   0.0000
  1  4  4   0.0000   0.0000   0.0000   0.0000   0.0000   0.0000   0.0000
  3  4  3   0.0000   0.0000   0.0000   0.0000   0.0000   0.0000   0.0000
  3  4  4   0.0000   0.0000   0.0000   0.0000   0.0000   0.0000   0.0000
  4  4  4   0.0000   0.0000   0.0000   0.0000   0.0000   0.0000   0.0000
  1  4  2   0.0000   0.0000   0.0000   0.0000   0.0000   0.0000   0.0000
  2  4  3   0.0000   0.0000   0.0000   0.0000   0.0000   0.0000   0.0000
  2  4  4   0.0000   0.0000   0.0000   0.0000   0.0000   0.0000   0.0000
  2  4  2   0.0000   0.0000   0.0000   0.0000   0.0000   0.0000   0.0000
  1  2  3   0.0000   0.0000   0.0000   0.0000   0.0000   0.0000   0.0000
  1  2  4   0.0000   0.0000   0.0000   0.0000   0.0000   0.0000   0.0000
  1  2  5   0.0000   0.0000   0.0000   0.0000   0.0000   0.0000   0.0000
  3  2  3   0.0000   0.0000   0.0000   0.0000   0.0000   0.0000   0.0000
  3  2  4   0.0000   0.0000   0.0000   0.0000   0.0000   0.0000   0.0000
  4  2  4   0.0000   0.0000   0.0000   0.0000   0.0000   0.0000   0.0000
  2  2  3   0.0000   0.0000   0.0000   0.0000   0.0000   0.0000   0.0000
  2  2  4   0.0000   0.0000   0.0000   0.0000   0.0000   0.0000   0.0000
  1  1  5   0.0000   0.0000   0.0000   0.0000   0.0000   0.0000   0.0000
  1  5  1   0.0000   0.0000   0.0000   0.0000   0.0000   0.0000   0.0000
  2  1  5   0.0000   0.0000   0.0000   0.0000   0.0000   0.0000   0.0000
  1  5  2   0.0000   0.0000   0.0000   0.0000   0.0000   0.0000   0.0000
  1  5  5   0.0000   0.0000   0.0000   0.0000   0.0000   0.0000   0.0000
  2  5  2   0.0000   0.0000   0.0000   0.0000   0.0000   0.0000   0.0000
  2  5  5   0.0000   0.0000   0.0000   0.0000   0.0000   0.0000   0.0000
  6  6  6   0.0000   0.0000   0.0000   0.0000   0.0000   0.0000   0.0000
  2  6  6   1.0000   1.0000   1.0000   0.0000   1.0000   0.0000   1.0000
  2  6  2   1.0000   1.0000   1.0000   0.0000   1.0000   0.0000   1.0000
  3  6  6   1.0000   1.0000   1.0000   0.0000   1.0000   0.0000   1.0000
  2  6  3   1.0000   1.0000   1.0000   0.0000   1.0000   0.0000   1.0000
  3  6  3   1.0000   1.0000   1.0000   0.0000   1.0000   0.0000   1.0000
  6  3  6   1.0000   1.0000   1.0000   0.0000   1.0000   0.0000   1.0000
  2  3  6   1.0000   1.0000   1.0000   0.0000   1.0000   0.0000   1.0000
  3  3  6   1.0000   1.0000   1.0000   0.0000   1.0000   0.0000   1.0000
  2  2  6   0.0000   0.0000   0.0000   0.0000   0.0000   0.0000   0.0000
  6  2  6   0.0000   0.0000   0.0000   0.0000   0.0000   0.0000   0.0000
  3  2  6   0.0000   0.0000   0.0000   0.0000   0.0000   0.0000   0.0000
  2  2  5   0.0000   0.0000   0.0000   0.0000   0.0000   0.0000   0.0000
  1  1  6   0.0000   0.0000   0.0000   0.0000   0.0000   0.0000   0.0000
  1  6  1   0.0000   0.0000   0.0000   0.0000   0.0000   0.0000   0.0000
  6  1  6   0.0000   0.0000   0.0000   0.0000   0.0000   0.0000   0.0000
  1  6  6   0.0000   0.0000   0.0000   0.0000   0.0000   0.0000   0.0000
  2  1  6   0.0000   0.0000   0.0000   0.0000   0.0000   0.0000   0.0000
  1  6  2   0.0000   0.0000   0.0000   0.0000   0.0000   0.0000   0.0000
  4  6  6   0.0000   0.0000   0.0000   0.0000   0.0000   0.0000   0.0000
  4  6  4   0.0000   0.0000   0.0000   0.0000   0.0000   0.0000   0.0000
  3  6  4   0.0000   0.0000   0.0000   0.0000   0.0000   0.0000   0.0000
  6  4  6   0.0000   0.0000   0.0000   0.0000   0.0000   0.0000   0.0000
  2  6  4   0.0000   0.0000   0.0000   0.0000   0.0000   0.0000   0.0000
  2  4  6   0.0000   0.0000   0.0000   0.0000   0.0000   0.0000   0.0000
  4  4  6   0.0000   0.0000   0.0000   0.0000   0.0000   0.0000   0.0000
  3  4  6   0.0000   0.0000   0.0000   0.0000   0.0000   0.0000   0.0000
  4  3  6   0.0000   0.0000   0.0000   0.0000   0.0000   0.0000   0.0000
  4  2  6   0.0000   0.0000   0.0000   0.0000   0.0000   0.0000   0.0000
  1  3  6   0.0000   0.0000   0.0000   0.0000   0.0000   0.0000   0.0000
  1  6  3   0.0000   0.0000   0.0000   0.0000   0.0000   0.0000   0.0000
  3  1  6   0.0000   0.0000   0.0000   0.0000   0.0000   0.0000   0.0000
  1  2  6   0.0000   0.0000   0.0000   0.0000   0.0000   0.0000   0.0000
 41    ! Number of torsions parameters
  1  1  1  1   0.0000   0.0000   0.0000   0.0000   0.0000   0.0000   0.0000
  1  1  1  2   0.0000   0.0000   0.0000   0.0000   0.0000   0.0000   0.0000
  2  1  1  2   0.0000   0.0000   0.0000   0.0000   0.0000   0.0000   0.0000
  1  1  1  3   0.0000   0.0000   0.0000   0.0000   0.0000   0.0000   0.0000
  2  1  1  3   0.0000   0.0000   0.0000   0.0000   0.0000   0.0000   0.0000
  3  1  1  3   0.0000   0.0000   0.0000   0.0000   0.0000   0.0000   0.0000
  1  1  3  1   0.0000   0.0000   0.0000   0.0000   0.0000   0.0000   0.0000
  1  1  3  2   0.0000   0.0000   0.0000   0.0000   0.0000   0.0000   0.0000
  2  1  3  1   0.0000   0.0000   0.0000   0.0000   0.0000   0.0000   0.0000
  2  1  3  2   0.0000   0.0000   0.0000   0.0000   0.0000   0.0000   0.0000
  1  1  3  3   0.0000   0.0000   0.0000   0.0000   0.0000   0.0000   0.0000
  2  1  3  3   0.0000   0.0000   0.0000   0.0000   0.0000   0.0000   0.0000
  3  1  3  1   0.0000   0.0000   0.0000   0.0000   0.0000   0.0000   0.0000
  3  1  3  2   0.0000   0.0000   0.0000   0.0000   0.0000   0.0000   0.0000
  3  1  3  3   0.0000   0.0000   0.0000   0.0000   0.0000   0.0000   0.0000
  1  3  3  1   0.0000   0.0000   0.0000   0.0000   0.0000   0.0000   0.0000
  1  3  3  2   0.0000   0.0000   0.0000   0.0000   0.0000   0.0000   0.0000
  2  3  3  2   0.0000   0.0000   0.0000   0.0000   0.0000   0.0000   0.0000
  1  3  3  3   0.0000   0.0000   0.0000   0.0000   0.0000   0.0000   0.0000
  2  3  3  3   0.0000   0.0000   0.0000   0.0000   0.0000   0.0000   0.0000
  3  3  3  3   0.0000   0.0000   0.0000   0.0000   0.0000   0.0000   0.0000
  0  1  2  0   0.0000   0.0000   0.0000   0.0000   0.0000   0.0000   0.0000
  0  2  2  0   0.0000   0.0000   0.0000   0.0000   0.0000   0.0000   0.0000
  0  2  3  0   0.0000   0.0000   0.0000   0.0000   0.0000   0.0000   0.0000
  0  1  1  0   0.0000   0.0000   0.0000   0.0000   0.0000   0.0000   0.0000
  0  3  3  0   0.0000   0.0000   0.0000   0.0000   0.0000   0.0000   0.0000
  0  1  4  0   0.0000   0.0000   0.0000   0.0000   0.0000   0.0000   0.0000
  0  2  4  0   0.0000   0.0000   0.0000   0.0000   0.0000   0.0000   0.0000
  0  3  4  0   0.0000   0.0000   0.0000   0.0000   0.0000   0.0000   0.0000
  0  4  4  0   0.0000   0.0000   0.0000   0.0000   0.0000   0.0000   0.0000
  4  1  4  4   0.0000   0.0000   0.0000   0.0000   0.0000   0.0000   0.0000
  0  1  5  0   0.0000   0.0000   0.0000   0.0000   0.0000   0.0000   0.0000
  0  5  5  0   0.0000   0.0000   0.0000   0.0000   0.0000   0.0000   0.0000
  0  2  5  0   0.0000   0.0000   0.0000   0.0000   0.0000   0.0000   0.0000
  2  6  6  2   0.0000   0.0000   0.0000   0.0000   0.0000   0.0000   0.0000
  2  6  6  6   0.0000   0.0000   0.0000   0.0000   0.0000   0.0000   0.0000
  0  2  6  0   0.0000   0.0000   0.0000   0.0000   0.0000   0.0000   0.0000
  0  4  6  0   0.0000   0.0000   0.0000   0.0000   0.0000   0.0000   0.0000
  1  1  3  3   0.0000   0.0000   0.0000   0.0000   0.0000   0.0000   0.0000
  1  3  3  1   0.0000   0.0000   0.0000   0.0000   0.0000   0.0000   0.0000
  3  1  3  3   0.0000   0.0000   0.0000   0.0000   0.0000   0.0000   0.0000
  1    ! Number of hydrogen parameters
  3  2  3   0.0000   0.0000   0.0000   0.0000
