2 1 10  0.005  2.5  13.8449
2 1 12  0.005  0.0  33.570075
2 1 20  0.005  3.5027  14.2732
2 1 21  0.005  2.1441  13.364
2 1 22  0.005  0.0021  2.6432
2 1 25  0.005  -11.0  -3.55
2 1 26  0.005  2.5  3.1873
2 1 29  0.005  2.5791  2.9225
2 2 10  0.005  2.5  13.8449
2 2 20  0.005  3.5027  14.2732
2 2 21  0.005  2.1441  13.364
2 2 22  0.005  0.0021  2.6432
2 2 25  0.005  -11.0  -3.55
2 4 1  0.005  1.12065  1.918
2 4 4  0.005  1.877075  2.1118
2 4 5  0.005  0.093  0.2
2 4 9  0.005  9.452125  10.9889
2 4 10  0.005  2.5  13.8449
2 4 12  0.005  0.0  33.570075
2 4 20  0.005  3.5027  14.2732
2 4 21  0.005  2.1441  13.364
2 4 22  0.005  0.0021  2.6432
2 4 25  0.005  -11.0  -3.55
2 4 26  0.005  2.5  3.1873
2 4 29  0.005  2.5791  2.9225
3 4 1  0.005  0.1466  155.9109
3 4 4  0.005  -0.4669  0.32375
3 4 8  0.005  0.2641  0.6051
3 4 9  0.005  0.3912  4.60645
3 4 13  0.005  -0.1439  -0.079
3 4 14  0.005  5.4665  8.0
3 7 1  0.005  0.1466  155.9109
3 7 4  0.005  -0.4669  0.32375
3 7 8  0.005  0.2641  0.6051
3 7 9  0.005  0.3912  4.60645
3 7 13  0.005  -0.1439  -0.079
3 7 14  0.005  5.4665  8.0
3 10 1  0.005  0.1466  155.9109
3 10 4  0.005  -0.4669  0.32375
3 10 8  0.005  0.2641  0.6051
3 10 9  0.005  0.3912  4.60645
3 10 13  0.005  -0.1439  -0.079
3 10 14  0.005  5.4665  8.0
4 3 1  0.005  0.0594  0.1602
4 3 2  0.005  1.6239  1.9
4 3 3  0.005  9.9424  11.464
4 3 4  0.005  1.0029  1.6918
4 5 1  0.005  0.0594  0.1602
4 5 2  0.005  1.6239  1.9
4 5 3  0.005  9.9424  11.464
4 5 4  0.005  1.0029  1.6918
5 4 1  0.005  13.6043  79.7037
5 4 2  0.005  7.5931  30.6206
5 4 3  0.005  1.0609  4.3889
5 4 5  0.005  0.1218  1.631
5 4 7  0.005  1.04  1.7545
5 10 1  0.005  13.6043  79.7037
5 10 2  0.005  7.5931  30.6206
5 10 3  0.005  1.0609  4.3889
5 10 5  0.005  0.1218  1.631
5 10 7  0.005  1.04  1.7545
5 13 1  0.005  13.6043  79.7037
5 13 2  0.005  7.5931  30.6206
5 13 3  0.005  1.0609  4.3889
5 13 5  0.005  0.1218  1.631
5 13 7  0.005  1.04  1.7545
5 20 1  0.005  13.6043  79.7037
5 20 2  0.005  7.5931  30.6206
5 20 3  0.005  1.0609  4.3889
5 20 5  0.005  0.1218  1.631
5 22 1  0.005  13.6043  79.7037
5 22 2  0.005  7.5931  30.6206
5 22 3  0.005  1.0609  4.3889
5 22 5  0.005  0.1218  1.631
5 29 1  0.005  13.6043  79.7037
5 29 2  0.005  7.5931  30.6206
5 29 3  0.005  1.0609  4.3889
5 29 5  0.005  0.1218  1.631
5 29 7  0.005  1.04  1.7545
6 5 1  0.005  -0.5456  0.5
6 5 2  0.005  0.1  50.0
6 5 3  0.005  0.0  0.7004
6 5 4  0.005  -5.9187  -2.5004
6 15 1  0.005  -0.5456  0.5
6 15 2  0.005  0.1  50.0
6 15 3  0.005  0.0  0.7004
6 15 4  0.005  -5.9187  -2.5004
