2 1 10  0.005  -3.17245  19.51735
2 1 12  0.005  -16.7850375  50.3551125
2 1 20  0.005  -1.88255  19.65845
2 1 21  0.005  -3.46585  18.97395
2 1 22  0.005  -1.31845  3.96375
2 1 25  0.005  -14.725  0.175
2 1 26  0.005  2.15635  3.53095
2 1 29  0.005  2.4074  3.0942
2 2 10  0.005  -3.17245  19.51735
2 2 20  0.005  -1.88255  19.65845
2 2 21  0.005  -3.46585  18.97395
2 2 22  0.005  -1.31845  3.96375
2 2 25  0.005  -14.725  0.175
2 4 1  0.005  0.721975  2.316675
2 4 4  0.005  1.7597125  2.2291625
2 4 5  0.005  0.0395  0.2535
2 4 9  0.005  8.6837375  11.7572875
2 4 10  0.005  -3.17245  19.51735
2 4 12  0.005  -16.7850375  50.3551125
2 4 20  0.005  -1.88255  19.65845
2 4 21  0.005  -3.46585  18.97395
2 4 22  0.005  -1.31845  3.96375
2 4 25  0.005  -14.725  0.175
2 4 26  0.005  2.15635  3.53095
2 4 29  0.005  2.4074  3.0942
3 4 1  0.005  -77.73555  233.79305
3 4 4  0.005  -0.862225  0.719075
3 4 8  0.005  0.0936  0.7756
3 4 9  0.005  -1.716425  6.714075
3 4 13  0.005  -0.17635  -0.04655
3 4 14  0.005  4.19975  9.26675
3 7 1  0.005  -77.73555  233.79305
3 7 4  0.005  -0.862225  0.719075
3 7 8  0.005  0.0936  0.7756
3 7 9  0.005  -1.716425  6.714075
3 7 13  0.005  -0.17635  -0.04655
3 7 14  0.005  4.19975  9.26675
3 10 1  0.005  -77.73555  233.79305
3 10 4  0.005  -0.862225  0.719075
3 10 8  0.005  0.0936  0.7756
3 10 9  0.005  -1.716425  6.714075
3 10 13  0.005  -0.17635  -0.04655
3 10 14  0.005  4.19975  9.26675
4 3 1  0.005  0.009  0.2106
4 3 2  0.005  1.48585  2.03805
4 3 3  0.005  9.1816  12.2248
4 3 4  0.005  0.65845  2.03625
4 5 1  0.005  0.009  0.2106
4 5 2  0.005  1.48585  2.03805
4 5 3  0.005  9.1816  12.2248
4 5 4  0.005  0.65845  2.03625
5 4 1  0.005  -19.4454  112.7534
5 4 2  0.005  -3.92065  42.13435
5 4 3  0.005  -0.6031  6.0529
5 4 5  0.005  -0.6328  2.3856
5 4 7  0.005  0.68275  2.11175
5 10 1  0.005  -19.4454  112.7534
5 10 2  0.005  -3.92065  42.13435
5 10 3  0.005  -0.6031  6.0529
5 10 5  0.005  -0.6328  2.3856
5 10 7  0.005  0.68275  2.11175
5 13 1  0.005  -19.4454  112.7534
5 13 2  0.005  -3.92065  42.13435
5 13 3  0.005  -0.6031  6.0529
5 13 5  0.005  -0.6328  2.3856
5 13 7  0.005  0.68275  2.11175
5 20 1  0.005  -19.4454  112.7534
5 20 2  0.005  -3.92065  42.13435
5 20 3  0.005  -0.6031  6.0529
5 20 5  0.005  -0.6328  2.3856
5 22 1  0.005  -19.4454  112.7534
5 22 2  0.005  -3.92065  42.13435
5 22 3  0.005  -0.6031  6.0529
5 22 5  0.005  -0.6328  2.3856
5 29 1  0.005  -19.4454  112.7534
5 29 2  0.005  -3.92065  42.13435
5 29 3  0.005  -0.6031  6.0529
5 29 5  0.005  -0.6328  2.3856
5 29 7  0.005  0.68275  2.11175
6 5 1  0.005  -1.0684  1.0228
6 5 2  0.005  -24.85  74.95
6 5 3  0.005  -0.3502  1.0506
6 5 4  0.005  -7.62785  -0.79125
6 15 1  0.005  -1.0684  1.0228
6 15 2  0.005  -24.85  74.95
6 15 3  0.005  -0.3502  1.0506
6 15 4  0.005  -7.62785  -0.79125
