2 1 10  0.005  1.0  200.0
2 1 12  0.005  -5.0  55.8316
2 1 20  0.005  0.0018  137.9671
2 1 21  0.005  -0.8712  190.1166
2 1 22  0.005  0.0  24.777
2 1 25  0.005  -25.0  -1.0823
2 1 26  0.005  0.0073  5.6329
2 1 29  0.005  2.2632  13.6585
2 2 10  0.005  1.0  200.0
2 2 20  0.005  0.0018  137.9671
2 2 21  0.005  -0.8712  190.1166
2 2 22  0.005  0.0  24.777
2 2 25  0.005  -25.0  -1.0823
2 4 1  0.005  -0.1  2.8
2 4 4  0.005  1.0996  2.827
2 4 5  0.005  0.0  1.1552
2 4 9  0.005  1.2827  14.0
2 4 10  0.005  1.0  200.0
2 4 12  0.005  -5.0  55.8316
2 4 20  0.005  0.0018  137.9671
2 4 21  0.005  -0.8712  190.1166
2 4 22  0.005  0.0  24.777
2 4 25  0.005  -25.0  -1.0823
2 4 26  0.005  0.0073  5.6329
2 4 29  0.005  2.2632  13.6585
3 4 1  0.005  -0.01  300.0
3 4 4  0.005  -2.4475  1.0
3 4 8  0.005  -0.1336  1.4628
3 4 9  0.005  -0.7617  23.7361
3 4 13  0.005  -0.5241  -0.0093
3 4 14  0.005  3.6021  25.0
3 7 1  0.005  -0.01  300.0
3 7 4  0.005  -2.4475  1.0
3 7 8  0.005  -0.1336  1.4628
3 7 9  0.005  -0.7617  23.7361
3 7 13  0.005  -0.5241  -0.0093
3 7 14  0.005  3.6021  25.0
3 10 1  0.005  -0.01  300.0
3 10 4  0.005  -2.4475  1.0
3 10 8  0.005  -0.1336  1.4628
3 10 9  0.005  -0.7617  23.7361
3 10 13  0.005  -0.5241  -0.0093
3 10 14  0.005  3.6021  25.0
4 3 1  0.005  0.0041  0.8
4 3 2  0.005  2.0811  1.1534
4 3 3  0.005  13.5179  8.8829
4 3 4  0.005  1.7778  1.3945
4 5 1  0.005  0.0041  0.8
4 5 2  0.005  2.0811  1.1534
4 5 3  0.005  13.5179  8.8829
4 5 4  0.005  1.7778  1.3945
5 4 1  0.005  -17.8107  180.0
5 4 2  0.005  -50.0  73.4083
5 4 3  0.005  -0.3598  29.3305
5 4 5  0.005  -3.8844  5.0
5 4 7  0.005  0.6289  10.0
5 10 1  0.005  -17.8107  180.0
5 10 2  0.005  -50.0  73.4083
5 10 3  0.005  -0.3598  29.3305
5 10 5  0.005  -3.8844  5.0
5 10 7  0.005  0.6289  10.0
5 13 1  0.005  -17.8107  180.0
5 13 2  0.005  -50.0  73.4083
5 13 3  0.005  -0.3598  29.3305
5 13 5  0.005  -3.8844  5.0
5 13 7  0.005  0.6289  10.0
5 20 1  0.005  -17.8107  180.0
5 20 2  0.005  -50.0  73.4083
5 20 3  0.005  -0.3598  29.3305
5 20 5  0.005  -3.8844  5.0
5 22 1  0.005  -17.8107  180.0
5 22 2  0.005  -50.0  73.4083
5 22 3  0.005  -0.3598  29.3305
5 22 5  0.005  -3.8844  5.0
5 29 1  0.005  -17.8107  180.0
5 29 2  0.005  -50.0  73.4083
5 29 3  0.005  -0.3598  29.3305
5 29 5  0.005  -3.8844  5.0
5 29 7  0.005  0.6289  10.0
6 5 1  0.005  -6.6  6.219
6 5 2  0.005  -56.0786  150.0
6 5 3  0.005  -1.9621  4.366
6 5 4  0.005  -28.4693  0.0
6 15 1  0.005  -6.6  6.219
6 15 2  0.005  -56.0786  150.0
6 15 3  0.005  -1.9621  4.366
6 15 4  0.005  -28.4693  0.0
