2 6 6  0.005  0.4816  1.1728
2 6 14  0.1  0.1915625  10.5753125
2 6 15  0.005  5.34175  9.30235
4 8 1  0.005  0.009  0.2106
4 8 2  0.005  1.48585  2.03805
4 8 3  0.005  9.1816  12.2248
4 8 4  0.005  0.65845  2.03625
4 9 1  0.005  0.009  0.2106
4 9 2  0.005  1.48585  2.03805
4 9 3  0.005  9.1816  12.2248
4 9 4  0.005  0.65845  2.03625
4 9 5  0.005  -2.0671  2.2013
3 17 1  1.0  -77.73555  233.79305
3 17 4  0.005  -0.862225  0.719075
3 17 8  0.005  0.0936  0.7756
3 17 9  0.005  -1.716425  6.714075
3 17 13  0.002  -0.17635  -0.04655
3 17 14  0.002  4.19975  9.26675
3 18 1  1.0  -77.73555  233.79305
3 18 2  1.0  -20.1064  60.3192
3 18 4  0.005  -0.862225  0.719075
3 18 8  0.005  0.0936  0.7756
3 18 9  0.005  -1.716425  6.714075
3 18 10  0.005  -0.4202  -0.0006
3 18 11  0.005  3.0006  18.9998
3 18 13  0.005  -0.17635  -0.04655
3 18 14  0.005  4.19975  9.26675
5 51 1  0.5  -19.4454  112.7534
5 51 2  0.5  -3.92065  42.13435
5 51 3  0.05  -0.6031  6.0529
5 51 5  0.25  -0.6328  2.3856
5 51 7  0.1  0.68275  2.11175
5 52 1  0.5  -19.4454  112.7534
5 52 2  0.5  -3.92065  42.13435
5 52 3  0.05  -0.6031  6.0529
5 52 5  0.25  -0.6328  2.3856
5 52 7  0.1  0.68275  2.11175
5 53 1  0.5  -19.4454  112.7534
5 53 2  0.5  -3.92065  42.13435
5 53 3  0.05  -0.6031  6.0529
5 53 5  0.25  -0.6328  2.3856
5 53 7  0.1  0.68275  2.11175
5 54 1  0.5  -19.4454  112.7534
5 54 2  0.5  -3.92065  42.13435
5 54 3  0.05  -0.6031  6.0529
5 54 5  0.25  -0.6328  2.3856
5 54 7  0.1  0.68275  2.11175
5 55 1  0.5  -19.4454  112.7534
5 55 2  0.5  -3.92065  42.13435
5 55 3  0.05  -0.6031  6.0529
5 55 5  0.25  -0.6328  2.3856
5 55 7  0.1  0.68275  2.11175
5 56 1  0.5  -19.4454  112.7534
5 56 2  0.5  -3.92065  42.13435
5 56 3  0.05  -0.6031  6.0529
5 56 5  0.25  -0.6328  2.3856
5 56 7  0.1  0.68275  2.11175
5 57 1  0.5  -19.4454  112.7534
5 57 2  0.5  -3.92065  42.13435
5 57 3  0.05  -0.6031  6.0529
5 57 5  0.25  -0.6328  2.3856
5 57 7  0.1  0.68275  2.11175
5 58 1  0.5  -19.4454  112.7534
5 58 2  0.5  -3.92065  42.13435
5 58 3  0.05  -0.6031  6.0529
5 58 5  0.25  -0.6328  2.3856
5 58 7  0.1  0.68275  2.11175
