2 6 6  0.005  0.6544  1.0
2 6 14  0.1  2.7875  7.979375
2 6 15  0.005  6.3319  8.3122
4 8 1  0.005  0.0594  0.1602
4 8 2  0.005  1.6239  1.9
4 8 3  0.005  9.9424  11.464
4 8 4  0.005  1.0029  1.6918
4 9 1  0.005  0.0594  0.1602
4 9 2  0.005  1.6239  1.9
4 9 3  0.005  9.9424  11.464
4 9 4  0.005  1.0029  1.6918
4 9 5  0.005  -1.0  1.1342
3 17 1  1.0  0.1466  155.9109
3 17 4  0.005  -0.4669  0.32375
3 17 8  0.005  0.2641  0.6051
3 17 9  0.005  0.3912  4.60645
3 17 13  0.002  -0.1439  -0.079
3 17 14  0.002  5.4665  8.0
3 18 1  1.0  0.1466  155.9109
3 18 2  1.0  0.0  40.2128
3 18 4  0.005  -0.4669  0.32375
3 18 8  0.005  0.2641  0.6051
3 18 9  0.005  0.3912  4.60645
3 18 10  0.005  -0.3153  -0.1055
3 18 11  0.005  7.0004  15.0
3 18 13  0.005  -0.1439  -0.079
3 18 14  0.005  5.4665  8.0
5 51 1  0.5  13.6043  79.7037
5 51 2  0.5  7.5931  30.6206
5 51 3  0.05  1.0609  4.3889
5 51 5  0.25  0.1218  1.631
5 51 7  0.1  1.04  1.7545
5 52 1  0.5  13.6043  79.7037
5 52 2  0.5  7.5931  30.6206
5 52 3  0.05  1.0609  4.3889
5 52 5  0.25  0.1218  1.631
5 52 7  0.1  1.04  1.7545
5 53 1  0.5  13.6043  79.7037
5 53 2  0.5  7.5931  30.6206
5 53 3  0.05  1.0609  4.3889
5 53 5  0.25  0.1218  1.631
5 53 7  0.1  1.04  1.7545
5 54 1  0.5  13.6043  79.7037
5 54 2  0.5  7.5931  30.6206
5 54 3  0.05  1.0609  4.3889
5 54 5  0.25  0.1218  1.631
5 54 7  0.1  1.04  1.7545
5 55 1  0.5  13.6043  79.7037
5 55 2  0.5  7.5931  30.6206
5 55 3  0.05  1.0609  4.3889
5 55 5  0.25  0.1218  1.631
5 55 7  0.1  1.04  1.7545
5 56 1  0.5  13.6043  79.7037
5 56 2  0.5  7.5931  30.6206
5 56 3  0.05  1.0609  4.3889
5 56 5  0.25  0.1218  1.631
5 56 7  0.1  1.04  1.7545
5 57 1  0.5  13.6043  79.7037
5 57 2  0.5  7.5931  30.6206
5 57 3  0.05  1.0609  4.3889
5 57 5  0.25  0.1218  1.631
5 57 7  0.1  1.04  1.7545
5 58 1  0.5  13.6043  79.7037
5 58 2  0.5  7.5931  30.6206
5 58 3  0.05  1.0609  4.3889
5 58 5  0.25  0.1218  1.631
5 58 7  0.1  1.04  1.7545
