2 6 6  0.005  0.01  1.2
2 6 14  0.1  -7.2157  10.0
2 6 15  0.005  1.0009  9999.9999
4 8 1  0.005  0.0041  0.8
4 8 2  0.005  1.4  1.9
4 8 3  0.005  10.0  14.0
4 8 4  0.005  1.1  1.5
4 9 1  0.005  0.0041  0.8
4 9 2  0.005  1.9  2.2
4 9 3  0.005  10.0  14.0
4 9 4  0.005  1.6  2.2
4 9 5  0.005  1.2  1.5
3 17 1  1.0  -0.01  300.0
3 17 4  0.005  -2.4475  1.0
3 17 8  0.005  -0.1336  1.4628
3 17 9  0.005  -0.7617  23.7361
3 17 13  0.002  -0.5241  -0.0093
3 17 14  0.002  3.6021  25.0
3 18 1  1.0  -0.01  300.0
3 18 2  1.0  -0.0243  237.5033
3 18 4  0.005  -2.4475  1.0
3 18 8  0.005  -0.1336  1.4628
3 18 9  0.005  -0.7617  23.7361
3 18 10  0.005  -1.2556  1.0109
3 18 11  0.005  -0.034  40.0
3 18 13  0.005  -0.5241  -0.0093
3 18 14  0.005  3.6021  25.0
5 51 1  0.5  -17.8107  180.0
5 51 2  0.5  -50.0  73.4083
5 51 3  0.05  -0.3598  29.3305
5 51 5  0.25  -3.8844  5.0
5 51 7  0.1  0.6289  10.0
5 52 1  0.5  -17.8107  180.0
5 52 2  0.5  -50.0  73.4083
5 52 3  0.05  -0.3598  29.3305
5 52 5  0.25  -3.8844  5.0
5 52 7  0.1  0.6289  10.0
5 53 1  0.5  -17.8107  180.0
5 53 2  0.5  -50.0  73.4083
5 53 3  0.05  -0.3598  29.3305
5 53 5  0.25  -3.8844  5.0
5 53 7  0.1  0.6289  10.0
5 54 1  0.5  -17.8107  180.0
5 54 2  0.5  -50.0  73.4083
5 54 3  0.05  -0.3598  29.3305
5 54 5  0.25  -3.8844  5.0
5 54 7  0.1  0.6289  10.0
5 55 1  0.5  -17.8107  180.0
5 55 2  0.5  -50.0  73.4083
5 55 3  0.05  -0.3598  29.3305
5 55 5  0.25  -3.8844  5.0
5 55 7  0.1  0.6289  10.0
5 56 1  0.5  -17.8107  180.0
5 56 2  0.5  -50.0  73.4083
5 56 3  0.05  -0.3598  29.3305
5 56 5  0.25  -3.8844  5.0
5 56 7  0.1  0.6289  10.0
5 57 1  0.5  -17.8107  180.0
5 57 2  0.5  -50.0  73.4083
5 57 3  0.05  -0.3598  29.3305
5 57 5  0.25  -3.8844  5.0
5 57 7  0.1  0.6289  10.0
5 58 1  0.5  -17.8107  180.0
5 58 2  0.5  -50.0  73.4083
5 58 3  0.05  -0.3598  29.3305
5 58 5  0.25  -3.8844  5.0
5 58 7  0.1  0.6289  10.0
