3 11 1  1.0  -77.73555  233.79305
3 11 4  0.025  -0.862225  0.719075
3 11 8  0.025  0.0936  0.7756
3 11 9  0.005  -1.716425  6.714075
3 11 13  0.005  -0.17635  -0.04655
3 11 14  0.025  4.19975  9.26675
3 16 1  1.0  -77.73555  233.79305
3 16 4  0.025  -0.862225  0.719075
3 16 8  0.025  0.0936  0.7756
3 16 9  0.005  -1.716425  6.714075
3 16 13  0.005  -0.17635  -0.04655
3 16 14  0.025  4.19975  9.26675
3 21 1  1.0  -77.73555  233.79305
3 21 4  0.025  -0.862225  0.719075
3 21 8  0.025  0.0936  0.7756
3 21 9  0.005  -1.716425  6.714075
3 21 13  0.005  -0.17635  -0.04655
3 21 14  0.025  4.19975  9.26675
4 5 1  0.02  0.009  0.2106
4 5 2  0.01  1.48585  2.03805
4 5 3  0.01  9.1816  12.2248
4 5 4  0.005  0.65845  2.03625
4 5 5  0.005  -2.0671  2.2013
4 5 6  0.005  -1.0  -1.0
4 9 1  0.02  0.009  0.2106
4 9 2  0.01  1.48585  2.03805
4 9 3  0.01  9.1816  12.2248
4 9 4  0.005  0.65845  2.03625
4 9 5  0.005  -2.0671  2.2013
4 9 6  0.005  -1.0  -1.0
4 13 1  0.02  0.009  0.2106
4 13 2  0.01  1.48585  2.03805
4 13 3  0.01  9.1816  12.2248
4 13 4  0.005  0.65845  2.03625
4 13 5  0.005  -2.0671  2.2013
4 13 6  0.005  -1.0  -1.0
5 18 1  0.25  -19.4454  112.7534
5 18 2  0.25  -3.92065  42.13435
5 18 3  0.25  -0.6031  6.0529
5 18 5  0.25  -0.6328  2.3856
5 18 7  0.25  0.68275  2.11175
5 40 1  0.25  -19.4454  112.7534
5 40 2  0.25  -3.92065  42.13435
5 40 3  0.25  -0.6031  6.0529
5 40 5  0.25  -0.6328  2.3856
5 40 7  0.25  0.68275  2.11175
5 54 1  0.25  -19.4454  112.7534
5 54 2  0.25  -3.92065  42.13435
5 54 3  0.25  -0.6031  6.0529
5 54 5  0.25  -0.6328  2.3856
5 54 7  0.25  0.68275  2.11175
5 59 1  0.25  -19.4454  112.7534
5 59 2  0.25  -3.92065  42.13435
5 59 3  0.25  -0.6031  6.0529
5 59 5  0.25  -0.6328  2.3856
5 59 7  0.25  0.68275  2.11175
5 60 1  0.25  -19.4454  112.7534
5 60 2  0.25  -3.92065  42.13435
5 60 3  0.25  -0.6031  6.0529
5 60 5  0.25  -0.6328  2.3856
5 60 7  0.25  0.68275  2.11175
5 67 1  0.25  -19.4454  112.7534
5 67 2  0.25  -3.92065  42.13435
5 67 3  0.25  -0.6031  6.0529
5 67 5  0.25  -0.6328  2.3856
5 67 7  0.25  0.68275  2.11175
6 12 1  0.25  -1.0684  1.0228
6 12 2  5.0  -24.85  74.95
6 12 3  0.1  -0.3502  1.0506
6 12 4  0.1  -7.62785  -0.79125
6 12 5  0.1  -3.0  1.0
6 22 1  0.25  -1.0684  1.0228
6 22 2  5.0  -24.85  74.95
6 22 3  0.1  -0.3502  1.0506
6 22 4  0.1  -7.62785  -0.79125
6 22 5  0.1  -3.0  1.0
6 27 1  0.25  -1.0684  1.0228
6 27 2  5.0  -24.85  74.95
6 27 3  0.1  -0.3502  1.0506
6 27 4  0.1  -7.62785  -0.79125
6 27 5  0.1  -3.0  1.0
6 33 1  0.25  -1.0684  1.0228
6 33 2  5.0  -24.85  74.95
6 33 3  0.1  -0.3502  1.0506
6 33 4  0.1  -7.62785  -0.79125
6 33 5  0.1  -3.0  1.0
6 37 1  0.25  -1.0684  1.0228
6 37 2  5.0  -24.85  74.95
6 37 3  0.1  -0.3502  1.0506
6 37 4  0.1  -7.62785  -0.79125
6 37 5  0.1  -3.0  1.0
6 43 1  0.25  -1.0684  1.0228
6 43 2  5.0  -24.85  74.95
6 43 3  0.1  -0.3502  1.0506
6 43 4  0.1  -7.62785  -0.79125
6 43 5  0.1  -3.0  1.0
6 45 1  0.25  -1.0684  1.0228
6 45 2  5.0  -24.85  74.95
6 45 3  0.1  -0.3502  1.0506
6 45 4  0.1  -7.62785  -0.79125
6 45 5  0.1  -3.0  1.0
