   3  11   1    1.0000   10.0000  250.0000 
   3  11   4    0.0250   -1.0000    1.0000
   3  11   8    0.0250    0.2000    1.000
   3  11   9    0.0050    0.0100    2.0000
   3  11  13    0.0050   -0.0500   -0.2500
   3  11  14    0.0250    4.5000    7.0000
   3  16   1    1.0000   10.0000  250.0000 
   3  16   4    0.0250   -1.0000    1.0000
   3  16   8    0.0250    0.2000    1.0000
   3  16   9    0.0050    0.0100    2.0000
   3  16  13    0.0050   -0.0500   -0.2500
   3  16  14    0.0250    4.5000    7.0000
   3  21   1    1.0000   10.0000  250.0000  
   3  21   4    0.0250   -1.0000    1.0000 
   3  21   8    0.0250    0.2000    1.0000
   3  21   9    0.0050    0.0100    2.0000 
   3  21  13    0.0050   -0.0500   -0.2500 
   3  21  14    0.0250    4.5000    7.0000 
   4   5   1    0.0200    0.0500    0.3000         
   4   5   2    0.0100    1.5000    2.5000      
   4   5   3    0.0100    9.0000   13.0000         
   4   5   4    0.0050    1.2000    1.8000          
   4   5   5    0.0050    1.1000    1.5000       
   4   5   6    0.0050    0.9000    1.3000        
   4   9   1    0.0200    0.0500    0.3000         
   4   9   2    0.0100    1.5000    2.5000      
   4   9   3    0.0100    9.0000   13.0000         
   4   9   4    0.0050    1.2000    1.8000          
   4   9   5    0.0050    1.1000    1.5000       
   4   9   6    0.0050    0.9000    1.3000        
   4  13   1    0.0200    0.0500    0.3000         
   4  13   2    0.0100    1.5000    2.5000      
   4  13   3    0.0100    9.0000   13.0000         
   4  13   4    0.0050    1.2000    1.8000          
   4  13   5    0.0050    1.1000    1.5000       
   4  13   6    0.0050    0.9000    1.3000        
   5  18   1    0.2500    0.1000   90.0000     
   5  18   2    0.2500    0.1000   45.0000 
   5  18   3    0.2500    0.1000    8.0000 
   5  18   5    0.2500    0.0050    3.0000  
   5  18   7    0.2500    1.0010    3.0000  
   5  40   1    0.2500    0.1000   90.0000     
   5  40   2    0.2500    0.1000   45.0000 
   5  40   3    0.2500    0.1000    8.0000 
   5  40   5    0.2500    0.0050    3.0000  
   5  40   7    0.2500    1.0010    3.0000  
   5  54   1    0.2500    0.1000   90.0000     
   5  54   2    0.2500    0.1000   45.0000 
   5  54   3    0.2500    0.1000    8.0000 
   5  54   5    0.2500    0.0050    3.0000  
   5  54   7    0.2500    1.0010    3.0000  
   5  59   1    0.2500    0.1000   90.0000     
   5  59   2    0.2500    0.1000   45.0000 
   5  59   3    0.2500    0.1000    8.0000 
   5  59   5    0.2500    0.0050    3.0000  
   5  59   7    0.2500    1.0010    3.0000  
   5  60   1    0.2500    0.1000   90.0000     
   5  60   2    0.2500    0.1000   45.0000 
   5  60   3    0.2500    0.1000    8.0000 
   5  60   5    0.2500    0.0050    3.0000  
   5  60   7    0.2500    1.0010    3.0000  
   5  67   1    0.2500    0.1000   90.0000      
   5  67   2    0.2500    0.1000   45.0000  
   5  67   3    0.2500    0.1000    8.0000  
   5  67   5    0.2500    0.0050    3.0000   
   5  67   7    0.2500    1.0010    3.0000   
   6  12   1    0.2500   -0.2500    2.5000     
   6  12   2    5.0000    5.0000   80.0000     
   6  12   3    0.1000   -1.0000    1.0000     
   6  12   4    0.1000   -2.5000   -9.0000         
   6  12   5    0.1000   -3.0000   -1.0000        
   6  22   1    0.2500   -0.2500    2.5000     
   6  22   2    5.0000    5.0000   80.0000     
   6  22   3    0.1000   -1.0000    1.0000     
   6  22   4    0.1000   -2.5000   -9.0000         
   6  22   5    0.1000   -3.0000   -1.0000        
   6  27   1    0.2500   -0.2500    2.5000     
   6  27   2    5.0000    5.0000   80.0000     
   6  27   3    0.1000   -1.0000    1.0000     
   6  27   4    0.1000   -2.5000   -9.0000         
   6  27   5    0.1000   -3.0000   -1.0000        
   6  33   1    0.2500   -0.2500    2.5000     
   6  33   2    5.0000    5.0000   80.0000     
   6  33   3    0.1000   -1.0000    1.0000     
   6  33   4    0.1000   -2.5000   -9.0000         
   6  33   5    0.1000   -3.0000   -1.0000        
   6  37   1    0.2500   -0.2500    2.5000     
   6  37   2    5.0000    5.0000   80.0000     
   6  37   3    0.1000   -1.0000    1.0000     
   6  37   4    0.1000   -2.5000   -9.0000         
   6  37   5    0.1000   -3.0000   -1.0000        
   6  43   1    0.2500   -0.2500    2.5000     
   6  43   2    5.0000    5.0000   80.0000     
   6  43   3    0.1000   -1.0000    1.0000     
   6  43   4    0.1000   -2.5000   -9.0000         
   6  43   5    0.1000   -3.0000   -1.0000        
   6  45   1    0.2500   -0.2500    2.5000      
   6  45   2    5.0000    5.0000   80.0000      
   6  45   3    0.1000   -1.0000    1.0000      
   6  45   4    0.1000   -2.5000   -9.0000          
   6  45   5    0.1000   -3.0000   -1.0000
