2  1  1.12065   1.918
2  2  1.0   3.0
2  3  6.941   32.06
2  4  1.877075   2.1118
2  5  0.093   0.2
2  6  0.6544   1.0
2  7  -0.1   1.1359
2  8  2.0   6.0
2  9  9.452125   10.9889
2  10  2.5   13.8449
2  11  1.0   4.0
2  12  0.0   33.570075
2  13  0.0   116.0768
2  14  2.7875   7.979375
2  15  6.3319   8.3122
2  16  0.0   2.0
2  17  -1.0   0.94485
2  18  0.0   0.4056
2  19  58.4228   127.916
2  20  3.5027   14.2732
2  21  2.1441   13.364
2  22  0.0021   2.6432
2  23  0.8563   0.9745
2  24  0.0   0.0
2  25  -11.0   -3.55
2  26  2.5   3.1873
2  27  1.0338   1.0493
2  28  4.0   6.2998
2  29  2.5791   2.9225
2  30  0.0   0.0
2  31  0.0   0.0
2  32  0.0   0.0
3  1  0.1466   155.9109
3  2  0.0   40.2128
3  3  0.0   0.0
3  4  -0.4669   0.32375
3  5  -0.3   -0.1
3  6  1.0   1.0
3  7  13.126   35.0
3  8  0.2641   0.6051
3  9  0.3912   4.60645
3  10  -0.3153   -0.1055
3  11  7.0004   15.0
3  12  1.0   1.0
3  13  -0.1439   -0.079
3  14  5.4665   8.0
3  15  0.0   1.0
3  16  0.0   0.0
4  1  0.0594   0.1602
4  2  1.6239   1.9
4  3  9.9424   11.464
4  4  1.0029   1.6918
4  5  -1.0   1.1342
4  6  -1.0   -1.0
5  1  13.6043   79.7037
5  2  7.5931   30.6206
5  3  1.0609   4.3889
5  4  0.0   0.0
5  5  0.1218   1.631
5  6  0.0   0.0
5  7  1.04   1.7545
6  1  -0.5456   0.5
6  2  0.1   50.0
6  3  0.0   0.7004
6  4  -5.9187   -2.5004
6  5  -2.0   0.0
6  6  0.0   0.0
6  7  0.0   0.0
7  1  1.5   2.12
7  2  -3.9547   -2.0
7  3  1.45   1.7976
7  4  3.5257   19.5
